0.090045, 1.238105e-17
0.090135, 1.675596e-17
0.090226, 1.780024e-17
0.090316, 1.823535e-17
0.090407, 1.865465e-17
0.090497, 1.916888e-17
0.090588, 1.969102e-17
0.090679, 2.018942e-17
0.090770, 2.070366e-17
0.090861, 2.122579e-17
0.090952, 2.175585e-17
0.091043, 2.230963e-17
0.091134, 2.290297e-17
0.091226, 2.370992e-17
0.091317, 2.594088e-17
0.091409, 4.712712e-17
0.091500, 3.635995e-16
0.091592, 2.352004e-15
0.091684, 6.846367e-15
0.091776, 1.151873e-14
0.091868, 1.536358e-14
0.091960, 1.939039e-14
0.092052, 2.222261e-14
0.092144, 2.622568e-14
0.092237, 2.901043e-14
0.092329, 3.128095e-14
0.092422, 4.598790e-14
0.092515, 4.666827e-14
0.092607, 3.617008e-14
0.092700, 5.052103e-14
0.092793, 7.502998e-14
0.092886, 7.775935e-14
0.092979, 5.643071e-14
0.093072, 3.994373e-14
0.093166, 6.025182e-14
0.093259, 9.390614e-14
0.093353, 1.151082e-13
0.093446, 1.215163e-13
0.093540, 1.131304e-13
0.093634, 8.686515e-14
0.093727, 5.350356e-14
0.093821, 5.322666e-14
0.093915, 9.208655e-14
0.094010, 1.285573e-13
0.094104, 1.490473e-13
0.094198, 1.615470e-13
0.094293, 1.684298e-13
0.094387, 1.706449e-13
0.094482, 1.617844e-13
0.094577, 1.554554e-13
0.094671, 1.587781e-13
0.094766, 1.437468e-13
0.094861, 1.003933e-13
0.094956, 6.283879e-14
0.095052, 8.789361e-14
0.095147, 1.477024e-13
0.095242, 1.870212e-13
0.095338, 2.080650e-13
0.095433, 2.310866e-13
0.095529, 2.547412e-13
0.095625, 2.756268e-13
0.095721, 2.914492e-13
0.095817, 2.964333e-13
0.095913, 2.983320e-13
0.096009, 2.972244e-13
0.096105, 3.033952e-13
0.096201, 3.109899e-13
0.096298, 3.087748e-13
0.096394, 2.931897e-13
0.096491, 2.924777e-13
0.096588, 3.193758e-13
0.096684, 3.381254e-13
0.096781, 3.368596e-13
0.096878, 3.207207e-13
0.096976, 2.848038e-13
0.097073, 2.191407e-13
0.097170, 1.294275e-13
0.097267, 9.058343e-14
0.097365, 1.568003e-13
0.097463, 2.566398e-13
0.097560, 3.307680e-13
0.097658, 3.764948e-13
0.097756, 3.992791e-13
0.097854, 4.138357e-13
0.097952, 4.282341e-13
0.098050, 4.370156e-13
0.098149, 4.420788e-13
0.098247, 4.514140e-13
0.098346, 4.601955e-13
0.098444, 4.561607e-13
0.098543, 4.586923e-13
0.098642, 4.727743e-13
0.098741, 4.583759e-13
0.098839, 4.248323e-13
0.098939, 3.954817e-13
0.099038, 3.911306e-13
0.099137, 4.370156e-13
0.099236, 4.734863e-13
0.099336, 4.847993e-13
0.099435, 4.617777e-13
0.099535, 4.664453e-13
0.099635, 4.932644e-13
0.099735, 5.046565e-13
0.099835, 5.150202e-13
0.099935, 5.264124e-13
0.100035, 5.422348e-13
0.100135, 5.598768e-13
0.100236, 5.731676e-13
0.100336, 5.843224e-13
0.100437, 5.888318e-13
0.100538, 5.889109e-13
0.100638, 5.883572e-13
0.100739, 5.929457e-13
0.100840, 6.011733e-13
0.100941, 6.069485e-13
0.101042, 6.198438e-13
0.101144, 6.315524e-13
0.101245, 6.365364e-13
0.101347, 6.473748e-13
0.101448, 6.551279e-13
0.101550, 6.657289e-13
0.101652, 6.850322e-13
0.101754, 6.911239e-13
0.101856, 6.835291e-13
0.101958, 6.715831e-13
0.102060, 6.517260e-13
0.102162, 6.228501e-13
0.102265, 5.544971e-13
0.102367, 4.239621e-13
0.102470, 2.498362e-13
0.102573, 1.525282e-13
0.102675, 2.525260e-13
0.102778, 4.358289e-13
0.102881, 5.918381e-13
0.102985, 7.001426e-13
0.103088, 7.598723e-13
0.103191, 8.037795e-13
0.103295, 8.441268e-13
0.103398, 8.678604e-13
0.103502, 8.662781e-13
0.103606, 8.196020e-13
0.103709, 8.172287e-13
0.103813, 8.987142e-13
0.103918, 9.517192e-13
0.104022, 9.730796e-13
0.104126, 9.896931e-13
0.104230, 9.936488e-13
0.104335, 9.920666e-13
0.104439, 1.007889e-12
0.104544, 1.030040e-12
0.104649, 1.049818e-12
0.104754, 1.054565e-12
0.104859, 1.061685e-12
0.104964, 1.095704e-12
0.105069, 1.120228e-12
0.105174, 1.128139e-12
0.105280, 1.140006e-12
0.105385, 1.159784e-12
0.105491, 1.175607e-12
0.105597, 1.200132e-12
0.105703, 1.228612e-12
0.105809, 1.246017e-12
0.105915, 1.242852e-12
0.106021, 1.248390e-12
0.106127, 1.276870e-12
0.106234, 1.272124e-12
0.106340, 1.263421e-12
0.106447, 1.300604e-12
0.106554, 1.310097e-12
0.106660, 1.295857e-12
0.106767, 1.294275e-12
0.106874, 1.321173e-12
0.106981, 1.382089e-12
0.107089, 1.422437e-12
0.107196, 1.439841e-12
0.107304, 1.446962e-12
0.107411, 1.471486e-12
0.107519, 1.500758e-12
0.107627, 1.530820e-12
0.107734, 1.571959e-12
0.107842, 1.603604e-12
0.107951, 1.632875e-12
0.108059, 1.658191e-12
0.108167, 1.666102e-12
0.108275, 1.665311e-12
0.108384, 1.632875e-12
0.108493, 1.620217e-12
0.108601, 1.689836e-12
0.108710, 1.780024e-12
0.108819, 1.815624e-12
0.108929, 1.834611e-12
0.109038, 1.840149e-12
0.109147, 1.856762e-12
0.109256, 1.904230e-12
0.109366, 1.944577e-12
0.109476, 1.942204e-12
0.109585, 1.856762e-12
0.109695, 1.769739e-12
0.109805, 1.825118e-12
0.109915, 1.918470e-12
0.110025, 2.044258e-12
0.110136, 2.236501e-12
0.110246, 2.427161e-12
0.110357, 2.604372e-12
0.110467, 2.742819e-12
0.110578, 2.937435e-12
0.110689, 3.311635e-12
0.110800, 4.326644e-12
0.110911, 7.512491e-12
0.111022, 1.479398e-11
0.111133, 2.317986e-11
0.111245, 3.283155e-11
0.111356, 3.742796e-11
0.111468, 4.600372e-11
0.111580, 8.148553e-11
0.111692, 8.219754e-11
0.111804, 7.950773e-11
0.111916, 1.132095e-10
0.112028, 1.102032e-10
0.112140, 7.164398e-11
0.112253, 6.953959e-11
0.112365, 1.278452e-10
0.112478, 1.575914e-10
0.112590, 1.610724e-10
0.112703, 1.336995e-10
0.112816, 8.203932e-11
0.112930, 5.935786e-11
0.113043, 9.651684e-11
0.113156, 1.453290e-10
0.113269, 1.506296e-10
0.113383, 1.321964e-10
0.113497, 1.452499e-10
0.113610, 1.799011e-10
0.113724, 1.763410e-10
0.113838, 1.253137e-10
0.113953, 6.949212e-11
0.114067, 7.321830e-11
0.114181, 1.037160e-10
0.114295, 1.065641e-10
0.114410, 1.105197e-10
0.114525, 1.441424e-10
0.114640, 1.537940e-10
0.114754, 1.461993e-10
0.114870, 1.583825e-10
0.114985, 1.687462e-10
0.115100, 1.682716e-10
0.115215, 1.575123e-10
0.115331, 1.496011e-10
0.115446, 1.571959e-10
0.115562, 1.479397e-10
0.115678, 1.105197e-10
0.115794, 7.690494e-11
0.115910, 8.860563e-11
0.116026, 1.236523e-10
0.116143, 1.355982e-10
0.116259, 1.298231e-10
0.116376, 1.117064e-10
0.116492, 1.003933e-10
0.116609, 9.303591e-11
0.116726, 7.823402e-11
0.116843, 6.716622e-11
0.116960, 5.923919e-11
0.117077, 5.161278e-11
0.117195, 5.154157e-11
0.117312, 5.174727e-11
0.117430, 4.712711e-11
0.117548, 4.166046e-11
0.117665, 3.778397e-11
0.117783, 3.524447e-11
0.117901, 3.079045e-11
0.118020, 2.464344e-11
0.118138, 2.105175e-11
0.118256, 1.919261e-11
0.118375, 1.677178e-11
0.118494, 1.497593e-11
0.118612, 1.381298e-11
0.118731, 1.236523e-11
0.118850, 9.960221e-12
0.118969, 7.849508e-12
0.119089, 7.669924e-12
0.119208, 7.418347e-12
0.119328, 5.617755e-12
0.119447, 5.386747e-12
0.119567, 6.946048e-12
0.119687, 7.296515e-12
0.119807, 7.085285e-12
0.119927, 6.836082e-12
0.120047, 6.569474e-12
0.120168, 6.746685e-12
0.120288, 6.714250e-12
0.120409, 6.280715e-12
0.120529, 5.716645e-12
0.120650, 5.122513e-12
0.120771, 4.522842e-12
0.120892, 3.851971e-12
0.121013, 3.102779e-12
0.121135, 2.296626e-12
0.121256, 1.477024e-12
0.121378, 7.557585e-13
0.121499, 3.003889e-13
0.121621, 2.836171e-13
0.121743, 7.333698e-13
0.121865, 1.503131e-12
0.121987, 2.422415e-12
0.122110, 3.386000e-12
0.122232, 4.328227e-12
0.122355, 5.197669e-12
0.122477, 6.022809e-12
0.122600, 6.840829e-12
0.122723, 7.597932e-12
0.122846, 8.346333e-12
0.122969, 9.145366e-12
0.123092, 9.960221e-12
0.123216, 1.079881e-11
0.123339, 1.153455e-11
0.123463, 1.241270e-11
0.123587, 1.333831e-11
0.123711, 1.428766e-11
0.123835, 1.521327e-11
0.123959, 1.626546e-11
0.124083, 1.785561e-11
0.124207, 1.930337e-11
0.124332, 2.132864e-11
0.124457, 2.533963e-11
0.124581, 3.005471e-11
0.124706, 3.659729e-11
0.124831, 4.799735e-11
0.124956, 6.384351e-11
0.125082, 8.828918e-11
0.125207, 1.298231e-10
0.125333, 1.765784e-10
0.125458, 2.316404e-10
0.125584, 2.892341e-10
0.125720, 2.977961e-10
0.125840, 3.042384e-10
0.125950, 2.924703e-10
0.126070, 3.313514e-10
0.126190, 5.340625e-10
0.126310, 5.730611e-10
0.126430, 5.331515e-10
0.126540, 6.302790e-10
0.126660, 7.334620e-10
0.126780, 1.003518e-09
0.126900, 1.191490e-09
0.127020, 1.174189e-09
0.127130, 1.227657e-09
0.127250, 1.177938e-09
0.127370, 1.065538e-09
0.127490, 1.024933e-09
0.127610, 1.107640e-09
0.127720, 1.299480e-09
0.127840, 1.502391e-09
0.127960, 1.750759e-09
0.128080, 2.033498e-09
0.128200, 2.229433e-09
0.128310, 2.344665e-09
0.128430, 2.275177e-09
0.128550, 2.099736e-09
0.128670, 2.049720e-09
0.128790, 2.049399e-09
0.128900, 2.249461e-09
0.129020, 2.471238e-09
0.129140, 2.653989e-09
0.129260, 2.844283e-09
0.129380, 2.932645e-09
0.129490, 2.992713e-09
0.129610, 2.974035e-09
0.129730, 2.899569e-09
0.129850, 2.750808e-09
0.129970, 2.545829e-09
0.130080, 2.139409e-09
0.130200, 1.917177e-09
0.130320, 1.929572e-09
0.130440, 1.967637e-09
0.130560, 1.962824e-09
0.130670, 2.040928e-09
0.130790, 2.097918e-09
0.130910, 2.097531e-09
0.131030, 2.320612e-09
0.131150, 2.704141e-09
0.131260, 3.157581e-09
0.131380, 3.593015e-09
0.131500, 3.903470e-09
0.131620, 4.008612e-09
0.131730, 4.078348e-09
0.131850, 4.217470e-09
0.131970, 4.325857e-09
0.132090, 4.323084e-09
0.132210, 4.220123e-09
0.132320, 4.218862e-09
0.132440, 4.053759e-09
0.132560, 4.051860e-09
0.132680, 4.079436e-09
0.132800, 4.076629e-09
0.132910, 4.003728e-09
0.133030, 4.117030e-09
0.133150, 3.797102e-09
0.133270, 3.454943e-09
0.133390, 3.322848e-09
0.133500, 3.621423e-09
0.133620, 4.036514e-09
0.133740, 4.747442e-09
0.133860, 5.156347e-09
0.133980, 5.339787e-09
0.134090, 5.403012e-09
0.134210, 5.384557e-09
0.134330, 5.551078e-09
0.134450, 5.370093e-09
0.134570, 5.384948e-09
0.134680, 5.326606e-09
0.134800, 5.279666e-09
0.134920, 5.165261e-09
0.135040, 4.913462e-09
0.135160, 4.727173e-09
0.135270, 4.495906e-09
0.135390, 4.467714e-09
0.135510, 4.349633e-09
0.135630, 4.412009e-09
0.135750, 4.542649e-09
0.135860, 4.884228e-09
0.135980, 4.937765e-09
0.136100, 4.812600e-09
0.136220, 4.932398e-09
0.136340, 4.874210e-09
0.136450, 4.807317e-09
0.136570, 4.916342e-09
0.136690, 4.931038e-09
0.136810, 4.864316e-09
0.136930, 4.941296e-09
0.137040, 5.060242e-09
0.137160, 5.087159e-09
0.137280, 5.227309e-09
0.137400, 5.447502e-09
0.137520, 5.524230e-09
0.137630, 5.405496e-09
0.137750, 5.318528e-09
0.137870, 5.414152e-09
0.137990, 5.196549e-09
0.138110, 5.131099e-09
0.138220, 5.483226e-09
0.138340, 5.485789e-09
0.138460, 5.335813e-09
0.138580, 5.304803e-09
0.138700, 5.338488e-09
0.138810, 5.492481e-09
0.138930, 5.467810e-09
0.139050, 5.479455e-09
0.139170, 5.400475e-09
0.139290, 5.302774e-09
0.139400, 5.231768e-09
0.139520, 5.242331e-09
0.139640, 5.151576e-09
0.139760, 5.037431e-09
0.139880, 5.181781e-09
0.139990, 5.467418e-09
0.140110, 5.520759e-09
0.140230, 5.528927e-09
0.140350, 5.558748e-09
0.140470, 5.697986e-09
0.140580, 6.005465e-09
0.140700, 5.974635e-09
0.140820, 5.736567e-09
0.140940, 5.629839e-09
0.141050, 5.657943e-09
0.141170, 5.763418e-09
0.141290, 6.012103e-09
0.141410, 6.081174e-09
0.141530, 6.000636e-09
0.141640, 6.286636e-09
0.141760, 6.247111e-09
0.141880, 6.237330e-09
0.142000, 6.257284e-09
0.142120, 6.216724e-09
0.142230, 6.241894e-09
0.142350, 6.346354e-09
0.142470, 6.412237e-09
0.142590, 6.421086e-09
0.142710, 6.441099e-09
0.142820, 6.185172e-09
0.142940, 5.906977e-09
0.143060, 5.738285e-09
0.143180, 5.508428e-09
0.143300, 5.653812e-09
0.143410, 5.970406e-09
0.143530, 5.874329e-09
0.143650, 6.108703e-09
0.143770, 6.369765e-09
0.143890, 6.169336e-09
0.144000, 6.368960e-09
0.144120, 6.485998e-09
0.144240, 6.361446e-09
0.144360, 6.415818e-09
0.144480, 6.572109e-09
0.144590, 6.730637e-09
0.144710, 6.907940e-09
0.144830, 6.880196e-09
0.144950, 6.955090e-09
0.145070, 6.943409e-09
0.145180, 6.960536e-09
0.145300, 6.963773e-09
0.145420, 6.931693e-09
0.145540, 6.925075e-09
0.145660, 6.921380e-09
0.145770, 6.920673e-09
0.145890, 6.712040e-09
0.146010, 6.650726e-09
0.146130, 6.851245e-09
0.146250, 6.653841e-09
0.146360, 6.359819e-09
0.146480, 6.219843e-09
0.146600, 6.411198e-09
0.146720, 6.410348e-09
0.146840, 6.214470e-09
0.146950, 6.215075e-09
0.147070, 6.175104e-09
0.147190, 5.963783e-09
0.147310, 6.021270e-09
0.147430, 6.134904e-09
0.147540, 6.367100e-09
0.147660, 6.597384e-09
0.147780, 6.647933e-09
0.147900, 6.414058e-09
0.148020, 6.195807e-09
0.148130, 6.258617e-09
0.148250, 6.255066e-09
0.148370, 6.222770e-09
0.148490, 6.440152e-09
0.148610, 6.789716e-09
0.148720, 7.128806e-09
0.148840, 7.154846e-09
0.148960, 6.876759e-09
0.149080, 6.646135e-09
0.149200, 6.627736e-09
0.149310, 6.677370e-09
0.149430, 6.752847e-09
0.149550, 7.066941e-09
0.149670, 7.522636e-09
0.149780, 7.622294e-09
0.149900, 7.563533e-09
0.150020, 7.550327e-09
0.150140, 7.463502e-09
0.150260, 7.388950e-09
0.150370, 7.305345e-09
0.150490, 7.037984e-09
0.150610, 6.771231e-09
0.150730, 6.452375e-09
0.150850, 6.294845e-09
0.150960, 6.217731e-09
0.151080, 6.185433e-09
0.151200, 6.352684e-09
0.151320, 6.566775e-09
0.151440, 6.681518e-09
0.151550, 6.794195e-09
0.151670, 6.854317e-09
0.151790, 7.009854e-09
0.151910, 7.386511e-09
0.152030, 7.472268e-09
0.152140, 7.136407e-09
0.152260, 6.990323e-09
0.152380, 6.860963e-09
0.152500, 6.621300e-09
0.152620, 6.576003e-09
0.152730, 6.534151e-09
0.152850, 6.424227e-09
0.152970, 6.671126e-09
0.153090, 6.637443e-09
0.153210, 6.364428e-09
0.153320, 6.365875e-09
0.153440, 6.533828e-09
0.153560, 6.915652e-09
0.153680, 6.985279e-09
0.153800, 7.064624e-09
0.153910, 7.199859e-09
0.154030, 7.079977e-09
0.154150, 6.916662e-09
0.154270, 6.929919e-09
0.154390, 6.968419e-09
0.154500, 6.848422e-09
0.154620, 6.829043e-09
0.154740, 7.122699e-09
0.154860, 7.218197e-09
0.154980, 7.085537e-09
0.155090, 6.870692e-09
0.155210, 6.902752e-09
0.155330, 6.925884e-09
0.155450, 6.831541e-09
0.155570, 6.553221e-09
0.155680, 6.250364e-09
0.155800, 6.166905e-09
0.155920, 6.127760e-09
0.156040, 6.139612e-09
0.156160, 6.390951e-09
0.156270, 6.553630e-09
0.156390, 6.617798e-09
0.156510, 6.907203e-09
0.156630, 7.030418e-09
0.156750, 6.979607e-09
0.156860, 6.742359e-09
0.156980, 6.510813e-09
0.157100, 6.612370e-09
0.157220, 6.595326e-09
0.157340, 6.549577e-09
0.157450, 6.676041e-09
0.157570, 6.716281e-09
0.157690, 6.870215e-09
0.157810, 7.062362e-09
0.157930, 7.160353e-09
0.158040, 7.135921e-09
0.158160, 7.174470e-09
0.158280, 7.091875e-09
0.158400, 7.054147e-09
0.158510, 7.110074e-09
0.158630, 7.008221e-09
0.158750, 7.027355e-09
0.158870, 6.999928e-09
0.158990, 7.004241e-09
0.159100, 6.998312e-09
0.159220, 6.792489e-09
0.159340, 6.866458e-09
0.159460, 6.936581e-09
0.159580, 6.963452e-09
0.159690, 7.036347e-09
0.159810, 7.015880e-09
0.159930, 6.881671e-09
0.160050, 6.863169e-09
0.160170, 6.850862e-09
0.160280, 6.660765e-09
0.160400, 6.782441e-09
0.160520, 6.848156e-09
0.160640, 6.909034e-09
0.160760, 6.904223e-09
0.160870, 6.961657e-09
0.160990, 6.977147e-09
0.161110, 6.908683e-09
0.161230, 6.916229e-09
0.161350, 7.015232e-09
0.161460, 6.965738e-09
0.161580, 7.115941e-09
0.161700, 7.076307e-09
0.161820, 6.964659e-09
0.161940, 6.937303e-09
0.162050, 7.067440e-09
0.162170, 7.145331e-09
0.162290, 7.101216e-09
0.162410, 6.998023e-09
0.162530, 6.927425e-09
0.162640, 6.953919e-09
0.162760, 6.931336e-09
0.162880, 6.864917e-09
0.163000, 6.874153e-09
0.163120, 6.877593e-09
0.163230, 6.811346e-09
0.163350, 6.801133e-09
0.163470, 6.973519e-09
0.163590, 6.939242e-09
0.163710, 6.804951e-09
0.163820, 7.020395e-09
0.163940, 7.026960e-09
0.164060, 6.826339e-09
0.164180, 6.854661e-09
0.164300, 6.899220e-09
0.164410, 6.869586e-09
0.164530, 7.001061e-09
0.164650, 7.056939e-09
0.164770, 6.976135e-09
0.164890, 6.915402e-09
0.165000, 6.826840e-09
0.165120, 6.631055e-09
0.165240, 6.383805e-09
0.165360, 6.121579e-09
0.165480, 5.593366e-09
0.165590, 5.245447e-09
0.165710, 5.408514e-09
0.165830, 5.691969e-09
0.165950, 6.095582e-09
0.166070, 6.161864e-09
0.166180, 6.168774e-09
0.166300, 6.268782e-09
0.166420, 6.804045e-09
0.166540, 6.739019e-09
0.166660, 6.505032e-09
0.166770, 6.403335e-09
0.166890, 6.365454e-09
0.167010, 6.217079e-09
0.167130, 6.260765e-09
0.167250, 6.338099e-09
0.167360, 6.248434e-09
0.167480, 6.389524e-09
0.167624, 6.599700e-09
0.167761, 6.701800e-09
0.167898, 6.652600e-09
0.168035, 6.722300e-09
0.168172, 6.816001e-09
0.168309, 6.792000e-09
0.168447, 6.710800e-09
0.168584, 6.547800e-09
0.168721, 6.511200e-09
0.168858, 6.601500e-09
0.168995, 6.600800e-09
0.169132, 6.531100e-09
0.169269, 6.493700e-09
0.169406, 6.433800e-09
0.169543, 6.362500e-09
0.169681, 6.305200e-09
0.169818, 6.411300e-09
0.169955, 6.459001e-09
0.170092, 6.389500e-09
0.170229, 6.314600e-09
0.170366, 6.333800e-09
0.170503, 6.370700e-09
0.170641, 6.297000e-09
0.170778, 6.209300e-09
0.170915, 6.265000e-09
0.171052, 6.343900e-09
0.171189, 6.349600e-09
0.171326, 6.354200e-09
0.171463, 6.347600e-09
0.171600, 6.408400e-09
0.171738, 6.345401e-09
0.171875, 6.188500e-09
0.172012, 6.046800e-09
0.172149, 6.143300e-09
0.172286, 6.229500e-09
0.172423, 6.090900e-09
0.172561, 5.977000e-09
0.172698, 6.235500e-09
0.172835, 6.423900e-09
0.172972, 6.406800e-09
0.173109, 6.234000e-09
0.173246, 6.190100e-09
0.173383, 6.180100e-09
0.173521, 6.239100e-09
0.173658, 6.261801e-09
0.173795, 6.296400e-09
0.173932, 6.440501e-09
0.174069, 6.331100e-09
0.174206, 6.207200e-09
0.174344, 6.224501e-09
0.174481, 6.186600e-09
0.174618, 6.176600e-09
0.174755, 6.190100e-09
0.174892, 6.247800e-09
0.175030, 6.295401e-09
0.175167, 6.298200e-09
0.175304, 6.401100e-09
0.175441, 6.548800e-09
0.175578, 6.642900e-09
0.175715, 6.562300e-09
0.175853, 6.423600e-09
0.175990, 6.167601e-09
0.176127, 6.065300e-09
0.176264, 6.091700e-09
0.176401, 6.025900e-09
0.176539, 6.026000e-09
0.176676, 6.139799e-09
0.176813, 6.191400e-09
0.176950, 6.224301e-09
0.177087, 6.258100e-09
0.177225, 6.255401e-09
0.177362, 6.301800e-09
0.177499, 6.305500e-09
0.177636, 6.378700e-09
0.177773, 6.451800e-09
0.177911, 6.505200e-09
0.178048, 6.450500e-09
0.178185, 6.344100e-09
0.178322, 6.328500e-09
0.178459, 6.215000e-09
0.178597, 6.114900e-09
0.178734, 6.109700e-09
0.178871, 6.263900e-09
0.179008, 6.480600e-09
0.179145, 6.603300e-09
0.179283, 6.612800e-09
0.179420, 6.627599e-09
0.179557, 6.631300e-09
0.179694, 6.516400e-09
0.179832, 6.494300e-09
0.179969, 6.576400e-09
0.180106, 6.633700e-09
0.180243, 6.576500e-09
0.180380, 6.460400e-09
0.180518, 6.387900e-09
0.180655, 6.255600e-09
0.180792, 6.094000e-09
0.180929, 6.206900e-09
0.181067, 6.380800e-09
0.181204, 6.424500e-09
0.181341, 6.384400e-09
0.181478, 6.267900e-09
0.181616, 6.185700e-09
0.181753, 6.127900e-09
0.181890, 6.180001e-09
0.182027, 6.128201e-09
0.182165, 6.157200e-09
0.182302, 6.195000e-09
0.182439, 6.183500e-09
0.182576, 6.099001e-09
0.182714, 6.035899e-09
0.182851, 6.046200e-09
0.182988, 6.030400e-09
0.183125, 5.899400e-09
0.183263, 5.906400e-09
0.183400, 6.045800e-09
0.183537, 6.084600e-09
0.183674, 6.111300e-09
0.183812, 6.074100e-09
0.183949, 5.926500e-09
0.184086, 5.757200e-09
0.184223, 5.653700e-09
0.184361, 5.757000e-09
0.184498, 5.781300e-09
0.184635, 5.709600e-09
0.184772, 5.710500e-09
0.184910, 5.891400e-09
0.185047, 5.969401e-09
0.185184, 5.850300e-09
0.185321, 5.800200e-09
0.185459, 5.830200e-09
0.185596, 5.912700e-09
0.185733, 5.927400e-09
0.185871, 5.851900e-09
0.186008, 5.793600e-09
0.186145, 5.833100e-09
0.186282, 5.825600e-09
0.186420, 5.867900e-09
0.186557, 5.909600e-09
0.186694, 5.980200e-09
0.186831, 6.037601e-09
0.186969, 6.074100e-09
0.187106, 6.126600e-09
0.187243, 6.151000e-09
0.187381, 6.125500e-09
0.187518, 5.996600e-09
0.187655, 5.906800e-09
0.187792, 5.939600e-09
0.187930, 6.038500e-09
0.188067, 5.999100e-09
0.188204, 6.045100e-09
0.188342, 6.109700e-09
0.188479, 6.144301e-09
0.188616, 6.114900e-09
0.188754, 6.077900e-09
0.188891, 6.012200e-09
0.189028, 6.025700e-09
0.189165, 6.021900e-09
0.189303, 6.008201e-09
0.189440, 5.970000e-09
0.189577, 5.912000e-09
0.189715, 5.872200e-09
0.189852, 5.821600e-09
0.189989, 5.818100e-09
0.190127, 5.783701e-09
0.190264, 5.840000e-09
0.190401, 5.885400e-09
0.190538, 5.849600e-09
0.190676, 5.879900e-09
0.190813, 5.805401e-09
0.190950, 5.702400e-09
0.191088, 5.675800e-09
0.191225, 5.812400e-09
0.191362, 5.861300e-09
0.191500, 5.806700e-09
0.191637, 5.846600e-09
0.191774, 5.824200e-09
0.191912, 5.881300e-09
0.192049, 5.942700e-09
0.192186, 5.913700e-09
0.192324, 5.903900e-09
0.192461, 5.897900e-09
0.192598, 5.721900e-09
0.192736, 5.716001e-09
0.192873, 5.763100e-09
0.193010, 5.619200e-09
0.193147, 5.524700e-09
0.193285, 5.747200e-09
0.193422, 5.869300e-09
0.193559, 5.877600e-09
0.193697, 5.865901e-09
0.193834, 5.921600e-09
0.193971, 5.926100e-09
0.194109, 5.917300e-09
0.194246, 5.983100e-09
0.194383, 5.992300e-09
0.194521, 5.948500e-09
0.194658, 5.895800e-09
0.194795, 5.893600e-09
0.194933, 5.859700e-09
0.195070, 5.877400e-09
0.195207, 5.885200e-09
0.195345, 5.855700e-09
0.195482, 5.852600e-09
0.195619, 5.874600e-09
0.195757, 5.898500e-09
0.195894, 5.912900e-09
0.196032, 5.944600e-09
0.196169, 5.925200e-09
0.196306, 5.879500e-09
0.196444, 5.873900e-09
0.196581, 5.879900e-09
0.196718, 5.872900e-09
0.196856, 5.804500e-09
0.196993, 5.832000e-09
0.197130, 5.853600e-09
0.197268, 5.905200e-09
0.197405, 5.891101e-09
0.197542, 5.826200e-09
0.197680, 5.838900e-09
0.197817, 5.786700e-09
0.197954, 5.734300e-09
0.198092, 5.777300e-09
0.198229, 5.811200e-09
0.198366, 5.742700e-09
0.198504, 5.703600e-09
0.198641, 5.691900e-09
0.198779, 5.758000e-09
0.198916, 5.714300e-09
0.199053, 5.638600e-09
0.199191, 5.640300e-09
0.199328, 5.597400e-09
0.199465, 5.565200e-09
0.199603, 5.630300e-09
0.199740, 5.687800e-09
0.199877, 5.606400e-09
0.200015, 5.430400e-09
0.200152, 5.504500e-09
0.200290, 5.589100e-09
0.200427, 5.522200e-09
0.200564, 5.512200e-09
0.200702, 5.500800e-09
0.200839, 5.431200e-09
0.200976, 5.526700e-09
0.201114, 5.341800e-09
0.201251, 5.256600e-09
0.201389, 5.329100e-09
0.201526, 5.385700e-09
0.201663, 5.389500e-09
0.201801, 5.386500e-09
0.201938, 5.379700e-09
0.202075, 5.371200e-09
0.202213, 5.352601e-09
0.202350, 5.422200e-09
0.202488, 5.428200e-09
0.202625, 5.319800e-09
0.202762, 5.378300e-09
0.202900, 5.455100e-09
0.203037, 5.502300e-09
0.203174, 5.490901e-09
0.203312, 5.346100e-09
0.203449, 5.340300e-09
0.203587, 5.345500e-09
0.203724, 5.311100e-09
0.203861, 5.317000e-09
0.203999, 5.326000e-09
0.204136, 5.255200e-09
0.204274, 5.371300e-09
0.204411, 5.449800e-09
0.204548, 5.529700e-09
0.204686, 5.574200e-09
0.204823, 5.538100e-09
0.204961, 5.521500e-09
0.205098, 5.515900e-09
0.205235, 5.493900e-09
0.205373, 5.431400e-09
0.205510, 5.274800e-09
0.205647, 5.215000e-09
0.205785, 5.280300e-09
0.205922, 5.301200e-09
0.206060, 5.370401e-09
0.206197, 5.268000e-09
0.206334, 5.178600e-09
0.206472, 5.218100e-09
0.206609, 5.173000e-09
0.206747, 5.161500e-09
0.206884, 5.237600e-09
0.207021, 5.297500e-09
0.207159, 5.305301e-09
0.207296, 5.271700e-09
0.207434, 5.291800e-09
0.207571, 5.366600e-09
0.207708, 5.424900e-09
0.207846, 5.431800e-09
0.207983, 5.374600e-09
0.208121, 5.358700e-09
0.208258, 5.411800e-09
0.208395, 5.411500e-09
0.208533, 5.370100e-09
0.208670, 5.404100e-09
0.208808, 5.396300e-09
0.208945, 5.378600e-09
0.209083, 5.334500e-09
0.209220, 5.354600e-09
0.209357, 5.315100e-09
0.209495, 5.228700e-09
0.209632, 5.250500e-09
0.209770, 5.221600e-09
0.209907, 5.256200e-09
0.210044, 5.298700e-09
0.210182, 5.234500e-09
0.210319, 5.245200e-09
0.210457, 5.247000e-09
0.210594, 5.338900e-09
0.210732, 5.283900e-09
0.210869, 5.100600e-09
0.211006, 5.033900e-09
0.211144, 5.040800e-09
0.211281, 5.050200e-09
0.211419, 5.050000e-09
0.211556, 5.200900e-09
0.211693, 5.308500e-09
0.211831, 5.284600e-09
0.211968, 5.258100e-09
0.212106, 5.258800e-09
0.212243, 5.241400e-09
0.212381, 5.191500e-09
0.212518, 5.125600e-09
0.212655, 5.045400e-09
0.212793, 5.042300e-09
0.212930, 4.966000e-09
0.213068, 4.842200e-09
0.213205, 4.699000e-09
0.213342, 4.557800e-09
0.213480, 4.398100e-09
0.213617, 4.489300e-09
0.213755, 4.769500e-09
0.213892, 4.842800e-09
0.214030, 4.847500e-09
0.214167, 4.950600e-09
0.214304, 5.048900e-09
0.214442, 5.077100e-09
0.214579, 5.100400e-09
0.214717, 5.019900e-09
0.214854, 5.010800e-09
0.214992, 5.012100e-09
0.215129, 4.933200e-09
0.215266, 4.958100e-09
0.215404, 5.071600e-09
0.215541, 5.113800e-09
0.215679, 5.122500e-09
0.215816, 5.084701e-09
0.215954, 4.925600e-09
0.216091, 4.900700e-09
0.216228, 4.873100e-09
0.216366, 4.930500e-09
0.216503, 4.929500e-09
0.216641, 4.845100e-09
0.216778, 4.793101e-09
0.216916, 4.739100e-09
0.217053, 4.726200e-09
0.217191, 4.799900e-09
0.217328, 4.848701e-09
0.217465, 4.744200e-09
0.217603, 4.598100e-09
0.217740, 4.712900e-09
0.217878, 4.821100e-09
0.218015, 4.872400e-09
0.218153, 4.938800e-09
0.218290, 5.018500e-09
0.218427, 4.912600e-09
0.218565, 4.819500e-09
0.218702, 4.766500e-09
0.218840, 4.688200e-09
0.218977, 4.797200e-09
0.219115, 4.896300e-09
0.219252, 4.852200e-09
0.219390, 4.897800e-09
0.219527, 5.014900e-09
0.219664, 5.036800e-09
0.219802, 5.024300e-09
0.219939, 4.996000e-09
0.220077, 4.942300e-09
0.220214, 4.863400e-09
0.220352, 4.958500e-09
0.220489, 4.956300e-09
0.220627, 4.813601e-09
0.220764, 4.663300e-09
0.220901, 4.682500e-09
0.221039, 4.614100e-09
0.221176, 4.512100e-09
0.221314, 4.585700e-09
0.221451, 4.520700e-09
0.221589, 4.556500e-09
0.221726, 4.539200e-09
0.221863, 4.606500e-09
0.222001, 4.644800e-09
0.222138, 4.575600e-09
0.222276, 4.627400e-09
0.222413, 4.520300e-09
0.222551, 4.491300e-09
0.222688, 4.526700e-09
0.222826, 4.492100e-09
0.222963, 4.653600e-09
0.223101, 4.766300e-09
0.223238, 4.712200e-09
0.223375, 4.772300e-09
0.223513, 4.756400e-09
0.223650, 4.772300e-09
0.223788, 4.762300e-09
0.223925, 4.712900e-09
0.224063, 4.688100e-09
0.224200, 4.583300e-09
0.224338, 4.480900e-09
0.224475, 4.435000e-09
0.224612, 4.434100e-09
0.224750, 4.434500e-09
0.224887, 4.325600e-09
0.225025, 4.264200e-09
0.225162, 4.343800e-09
0.225300, 4.403200e-09
0.225437, 4.275000e-09
0.225575, 4.192500e-09
0.225712, 4.196600e-09
0.225850, 4.353400e-09
0.225987, 4.422600e-09
0.226124, 4.371500e-09
0.226262, 4.500500e-09
0.226399, 4.494700e-09
0.226537, 4.409700e-09
0.226674, 4.397400e-09
0.226812, 4.427800e-09
0.226949, 4.436700e-09
0.227087, 4.572600e-09
0.227224, 4.684900e-09
0.227361, 4.731800e-09
0.227499, 4.711100e-09
0.227636, 4.609500e-09
0.227774, 4.563100e-09
0.227911, 4.590700e-09
0.228049, 4.593500e-09
0.228186, 4.682800e-09
0.228324, 4.713800e-09
0.228461, 4.613600e-09
0.228599, 4.652200e-09
0.228736, 4.589900e-09
0.228873, 4.649100e-09
0.229011, 4.764500e-09
0.229148, 4.753201e-09
0.229286, 4.637900e-09
0.229423, 4.511700e-09
0.229561, 4.501400e-09
0.229698, 4.343900e-09
0.229836, 4.104400e-09
0.229973, 4.189700e-09
0.230111, 4.333900e-09
0.230248, 4.431600e-09
0.230385, 4.387300e-09
0.230523, 4.406500e-09
0.230660, 4.472400e-09
0.230798, 4.462000e-09
0.230935, 4.486400e-09
0.231073, 4.550500e-09
0.231210, 4.340200e-09
0.231348, 4.146900e-09
0.231485, 4.146200e-09
0.231623, 4.254200e-09
0.231760, 4.338800e-09
0.231897, 4.305300e-09
0.232035, 4.270300e-09
0.232172, 4.324000e-09
0.232310, 4.416901e-09
0.232447, 4.420700e-09
0.232585, 4.191600e-09
0.232722, 4.045500e-09
0.232860, 4.142500e-09
0.232997, 4.291600e-09
0.233134, 4.218300e-09
0.233272, 4.149100e-09
0.233409, 4.114100e-09
0.233547, 4.158900e-09
0.233684, 4.244500e-09
0.233822, 4.132000e-09
0.233959, 4.148200e-09
0.234097, 4.139400e-09
0.234234, 4.090200e-09
0.234372, 3.927600e-09
0.234509, 3.704400e-09
0.234646, 3.876700e-09
0.234784, 4.019900e-09
0.234921, 4.023400e-09
0.235059, 4.236700e-09
0.235196, 4.239000e-09
0.235334, 4.244000e-09
0.235471, 4.138700e-09
0.235609, 4.079700e-09
0.235746, 4.177400e-09
0.235884, 4.170000e-09
0.236021, 3.911600e-09
0.236158, 3.878500e-09
0.236296, 4.029400e-09
0.236433, 4.018300e-09
0.236571, 3.980700e-09
0.236708, 4.021000e-09
0.236846, 4.066300e-09
0.236983, 4.086200e-09
0.237121, 4.062900e-09
0.237258, 4.156300e-09
0.237396, 4.065800e-09
0.237533, 4.006600e-09
0.237670, 4.074400e-09
0.237808, 4.137600e-09
0.237945, 3.916700e-09
0.238083, 3.786600e-09
0.238220, 3.536400e-09
0.238358, 3.356800e-09
0.238495, 3.707400e-09
0.238633, 3.981800e-09
0.238770, 3.961700e-09
0.238907, 3.736000e-09
0.239045, 3.797700e-09
0.239182, 4.020100e-09
0.239320, 4.124200e-09
0.239457, 4.038300e-09
0.239595, 3.725300e-09
0.239732, 3.794000e-09
0.239870, 3.955800e-09
0.240007, 3.863000e-09
0.240145, 3.909000e-09
0.240282, 3.980900e-09
0.240419, 3.898600e-09
0.240557, 3.708300e-09
0.240694, 3.706900e-09
0.240832, 3.787000e-09
0.240969, 3.853800e-09
0.241107, 3.731900e-09
0.241244, 3.775100e-09
0.241382, 3.917200e-09
0.241519, 3.956400e-09
0.241656, 3.980600e-09
0.241794, 3.916700e-09
0.241931, 4.008700e-09
0.242069, 4.172100e-09
0.242206, 4.253600e-09
0.242344, 4.143900e-09
0.242481, 3.922900e-09
0.242619, 3.926700e-09
0.242756, 4.007300e-09
0.242893, 3.891300e-09
0.243031, 3.809100e-09
0.243168, 3.946500e-09
0.243306, 3.942100e-09
0.243443, 3.784100e-09
0.243581, 3.756500e-09
0.243718, 3.806500e-09
0.243856, 3.824200e-09
0.243993, 3.998200e-09
0.244130, 4.106500e-09
0.244268, 4.217100e-09
0.244405, 4.208700e-09
0.244543, 4.017300e-09
0.244680, 3.830100e-09
0.244818, 3.850000e-09
0.244955, 3.962300e-09
0.245092, 3.893900e-09
0.245230, 3.942900e-09
0.245367, 4.031100e-09
0.245505, 3.965600e-09
0.245642, 4.038000e-09
0.245780, 4.053600e-09
0.245917, 4.035500e-09
0.246055, 3.974300e-09
0.246192, 3.943500e-09
0.246329, 3.858600e-09
0.246467, 3.843300e-09
0.246604, 3.837300e-09
0.246742, 3.837800e-09
0.246879, 3.880900e-09
0.247017, 3.869300e-09
0.247154, 3.838700e-09
0.247291, 3.835800e-09
0.247429, 3.822600e-09
0.247566, 3.929000e-09
0.247704, 3.907700e-09
0.247841, 3.835400e-09
0.247979, 3.804700e-09
0.248116, 3.881300e-09
0.248253, 3.892800e-09
0.248391, 3.796800e-09
0.248528, 3.823300e-09
0.248666, 3.967900e-09
0.248803, 4.044900e-09
0.248941, 4.008400e-09
0.249078, 3.801600e-09
0.249215, 3.694700e-09
0.249353, 3.814400e-09
0.249490, 3.918200e-09
0.249628, 4.123100e-09
0.249765, 4.109100e-09
0.249903, 3.994200e-09
0.250040, 4.034400e-09
0.250177, 4.114700e-09
0.250315, 4.041500e-09
0.250452, 3.962000e-09
0.250590, 3.965000e-09
0.250727, 3.875400e-09
0.250865, 3.909700e-09
0.251002, 4.017200e-09
0.251139, 3.945800e-09
0.251277, 3.848000e-09
0.251414, 3.924800e-09
0.251552, 3.913000e-09
0.251689, 3.905500e-09
0.251827, 3.873200e-09
0.251964, 3.844400e-09
0.252101, 3.763300e-09
0.252239, 3.769100e-09
0.252376, 3.745600e-09
0.252514, 3.681500e-09
0.252651, 3.468300e-09
0.252788, 3.417900e-09
0.252926, 3.483000e-09
0.253063, 3.460200e-09
0.253201, 3.720600e-09
0.253338, 3.905900e-09
0.253476, 3.776100e-09
0.253613, 3.622100e-09
0.253750, 3.543500e-09
0.253888, 3.402400e-09
0.254025, 3.370400e-09
0.254163, 3.582400e-09
0.254300, 3.586600e-09
0.254437, 3.627100e-09
0.254575, 3.658500e-09
0.254712, 3.586300e-09
0.254850, 3.590800e-09
0.254987, 3.340200e-09
0.255124, 3.394900e-09
0.255262, 3.775000e-09
0.255399, 4.007500e-09
0.255537, 4.015300e-09
0.255674, 3.943700e-09
0.255811, 3.899200e-09
0.255949, 3.891300e-09
0.256086, 3.802200e-09
0.256224, 3.843100e-09
0.256361, 3.691000e-09
0.256499, 3.711800e-09
0.256636, 3.946800e-09
0.256773, 3.868600e-09
0.256911, 3.961100e-09
0.257048, 4.002400e-09
0.257186, 3.951900e-09
0.257323, 3.952300e-09
0.257460, 3.935800e-09
0.257598, 3.942400e-09
0.257735, 3.863700e-09
0.257872, 3.862300e-09
0.258010, 3.922900e-09
0.258147, 3.981400e-09
0.258285, 3.920900e-09
0.258422, 3.849200e-09
0.258559, 3.914700e-09
0.258697, 3.737100e-09
0.258834, 3.869700e-09
0.258972, 3.913700e-09
0.259109, 3.919000e-09
0.259246, 3.854300e-09
0.259384, 3.845500e-09
0.259521, 3.863300e-09
0.259659, 3.959600e-09
0.259796, 3.945900e-09
0.259933, 3.545100e-09
0.260071, 3.504100e-09
0.260208, 3.920700e-09
0.260346, 4.036600e-09
0.260483, 3.931100e-09
0.260620, 3.652800e-09
0.260758, 3.495900e-09
0.260895, 3.642300e-09
0.261032, 3.688300e-09
0.261170, 3.607300e-09
0.261307, 3.568500e-09
0.261445, 3.659400e-09
0.261582, 3.793900e-09
0.261719, 3.980200e-09
0.261857, 3.835700e-09
0.261994, 3.803300e-09
0.262131, 3.756800e-09
0.262269, 3.817900e-09
0.262406, 3.869100e-09
0.262544, 3.826800e-09
0.262681, 3.644400e-09
0.262818, 3.790400e-09
0.262956, 3.727300e-09
0.263093, 3.603900e-09
0.263230, 3.421300e-09
0.263368, 3.752200e-09
0.263505, 4.018300e-09
0.263643, 4.071000e-09
0.263780, 4.061700e-09
0.263917, 3.962500e-09
0.264055, 4.037700e-09
0.264192, 4.062000e-09
0.264329, 4.111300e-09
0.264467, 4.163700e-09
0.264604, 4.149500e-09
0.264741, 4.151200e-09
0.264879, 4.168100e-09
0.265016, 4.143600e-09
0.265154, 4.110900e-09
0.265291, 4.079100e-09
0.265428, 4.047200e-09
0.265566, 4.083000e-09
0.265703, 4.089900e-09
0.265840, 4.043600e-09
0.265978, 3.969800e-09
0.266115, 4.016900e-09
0.266252, 3.937100e-09
0.266390, 3.815400e-09
0.266527, 3.748800e-09
0.266664, 3.780500e-09
0.266802, 3.785200e-09
0.266939, 3.893700e-09
0.267076, 3.888500e-09
0.267214, 3.873300e-09
0.267351, 3.791900e-09
0.267489, 3.936100e-09
0.267626, 3.975400e-09
0.267763, 3.929000e-09
0.267901, 3.885200e-09
0.268038, 3.894600e-09
0.268175, 3.953600e-09
0.268313, 4.021800e-09
0.268450, 3.987401e-09
0.268587, 3.885100e-09
0.268725, 3.878200e-09
0.268862, 3.815600e-09
0.268999, 3.806400e-09
0.269137, 3.823500e-09
0.269274, 3.755200e-09
0.269411, 3.752200e-09
0.269549, 3.897300e-09
0.269686, 3.932200e-09
0.269823, 3.791800e-09
0.269961, 3.711200e-09
0.270098, 3.848900e-09
0.270235, 3.804400e-09
0.270373, 3.849500e-09
0.270510, 3.805800e-09
0.270647, 3.807300e-09
0.270785, 3.764500e-09
0.270922, 3.722000e-09
0.271059, 3.664200e-09
0.271197, 3.671300e-09
0.271334, 3.702100e-09
0.271471, 3.808200e-09
0.271609, 3.805600e-09
0.271746, 3.771500e-09
0.271883, 3.731800e-09
0.272020, 3.717800e-09
0.272158, 3.769100e-09
0.272295, 3.767600e-09
0.272432, 3.738200e-09
0.272570, 3.747600e-09
0.272707, 3.744700e-09
0.272844, 3.659900e-09
0.272982, 3.788300e-09
0.273119, 3.837100e-09
0.273256, 3.841500e-09
0.273394, 3.873900e-09
0.273531, 3.922700e-09
0.273668, 3.860200e-09
0.273805, 3.727900e-09
0.273943, 3.710800e-09
0.274080, 3.619700e-09
0.274217, 3.672400e-09
0.274355, 3.579300e-09
0.274492, 3.592900e-09
0.274629, 3.579000e-09
0.274767, 3.400800e-09
0.274904, 3.427100e-09
0.275041, 3.260200e-09
0.275178, 3.411000e-09
0.275316, 3.581300e-09
0.275453, 3.605800e-09
0.275590, 3.547800e-09
0.275728, 3.503800e-09
0.275865, 3.634000e-09
0.276002, 3.670200e-09
0.276139, 3.653600e-09
0.276277, 3.585600e-09
0.276414, 3.610400e-09
0.276551, 3.683000e-09
0.276689, 3.646300e-09
0.276826, 3.594500e-09
0.276963, 3.561100e-09
0.277100, 3.654600e-09
0.277238, 3.778400e-09
0.277375, 3.824600e-09
0.277512, 3.809700e-09
0.277650, 3.752500e-09
0.277787, 3.687800e-09
0.277924, 3.628500e-09
0.278061, 3.585200e-09
0.278199, 3.613300e-09
0.278336, 3.660800e-09
0.278473, 3.648100e-09
0.278610, 3.698600e-09
0.278748, 3.745100e-09
0.278885, 3.728700e-09
0.279022, 3.690200e-09
0.279160, 3.517400e-09
0.279297, 3.466600e-09
0.279434, 3.217600e-09
0.279571, 2.635300e-09
0.279709, 2.506300e-09
0.279846, 2.934100e-09
0.279983, 3.221900e-09
0.280120, 3.309700e-09
0.280258, 3.002500e-09
0.280395, 2.774500e-09
0.280532, 3.258500e-09
0.280669, 3.589600e-09
0.280807, 3.744700e-09
0.280944, 3.805000e-09
0.281081, 3.781000e-09
0.281218, 3.734200e-09
0.281356, 3.704600e-09
0.281493, 3.764600e-09
0.281630, 3.821200e-09
0.281767, 3.784300e-09
0.281905, 3.793600e-09
0.282042, 3.846700e-09
0.282179, 3.854500e-09
0.282316, 3.772200e-09
0.282454, 3.803900e-09
0.282591, 3.808900e-09
0.282728, 3.770700e-09
0.282865, 3.729600e-09
0.283002, 3.707500e-09
0.283140, 3.673100e-09
0.283277, 3.655400e-09
0.283414, 3.717600e-09
0.283551, 3.695900e-09
0.283689, 3.629300e-09
0.283826, 3.673100e-09
0.283963, 3.638200e-09
0.284100, 3.512500e-09
0.284237, 3.544300e-09
0.284375, 3.570500e-09
0.284512, 3.629000e-09
0.284649, 3.680500e-09
0.284786, 3.643300e-09
0.284924, 3.558500e-09
0.285061, 3.534100e-09
0.285198, 3.515900e-09
0.285335, 3.518000e-09
0.285472, 3.650700e-09
0.285610, 3.575700e-09
0.285747, 3.448300e-09
0.285884, 3.462600e-09
0.286021, 3.574100e-09
0.286158, 3.653400e-09
0.286296, 3.641000e-09
0.286433, 3.654000e-09
0.286570, 3.585200e-09
0.286707, 3.540900e-09
0.286844, 3.520500e-09
0.286982, 3.540500e-09
0.287119, 3.555000e-09
0.287256, 3.586300e-09
0.287393, 3.546000e-09
0.287530, 3.539200e-09
0.287668, 3.495400e-09
0.287805, 3.506500e-09
0.287942, 3.565900e-09
0.288079, 3.561800e-09
0.288216, 3.560100e-09
0.288354, 3.654500e-09
0.288491, 3.647600e-09
0.288628, 3.680600e-09
0.288765, 3.670400e-09
0.288902, 3.600400e-09
0.289039, 3.520600e-09
0.289177, 3.564000e-09
0.289314, 3.538700e-09
0.289451, 3.552500e-09
0.289588, 3.557400e-09
0.289725, 3.564000e-09
0.289862, 3.583100e-09
0.290000, 3.653800e-09
0.290137, 3.746000e-09
0.290274, 3.777900e-09
0.290411, 3.770200e-09
0.290548, 3.795800e-09
0.290685, 3.761300e-09
0.290823, 3.713100e-09
0.290960, 3.683400e-09
0.291097, 3.683700e-09
0.291234, 3.721000e-09
0.291371, 3.777400e-09
0.291508, 3.789800e-09
0.291645, 3.748800e-09
0.291783, 3.741700e-09
0.291920, 3.763500e-09
0.292057, 3.770000e-09
0.292194, 3.707400e-09
0.292331, 3.657300e-09
0.292468, 3.601100e-09
0.292605, 3.629400e-09
0.292743, 3.580100e-09
0.292880, 3.526100e-09
0.293017, 3.570500e-09
0.293154, 3.655400e-09
0.293291, 3.633300e-09
0.293428, 3.573600e-09
0.293565, 3.598700e-09
0.293703, 3.563400e-09
0.293840, 3.591900e-09
0.293977, 3.584100e-09
0.294114, 3.601100e-09
0.294251, 3.650800e-09
0.294388, 3.681800e-09
0.294525, 3.612800e-09
0.294662, 3.639800e-09
0.294800, 3.593000e-09
0.294937, 3.550100e-09
0.295074, 3.581900e-09
0.295211, 3.669100e-09
0.295348, 3.643100e-09
0.295485, 3.585100e-09
0.295622, 3.687500e-09
0.295759, 3.728100e-09
0.295896, 3.735000e-09
0.296034, 3.700400e-09
0.296171, 3.674400e-09
0.296308, 3.678300e-09
0.296445, 3.642500e-09
0.296582, 3.531700e-09
0.296719, 3.622600e-09
0.296856, 3.667100e-09
0.296993, 3.634300e-09
0.297130, 3.555000e-09
0.297267, 3.589200e-09
0.297404, 3.664200e-09
0.297542, 3.705100e-09
0.297679, 3.670500e-09
0.297816, 3.675700e-09
0.297953, 3.637900e-09
0.298090, 3.605000e-09
0.298227, 3.642300e-09
0.298364, 3.635000e-09
0.298501, 3.557800e-09
0.298638, 3.482600e-09
0.298775, 3.618100e-09
0.298912, 3.669500e-09
0.299049, 3.703500e-09
0.299186, 3.735600e-09
0.299324, 3.727500e-09
0.299461, 3.723800e-09
0.299598, 3.723600e-09
0.299735, 3.731800e-09
0.299872, 3.719600e-09
0.300009, 3.685600e-09
0.300146, 3.647400e-09
0.300283, 3.610800e-09
0.300420, 3.614900e-09
0.300557, 3.691600e-09
0.300694, 3.732000e-09
0.300831, 3.720500e-09
0.300968, 3.715600e-09
0.301105, 3.731300e-09
0.301242, 3.730900e-09
0.301379, 3.739200e-09
0.301516, 3.738500e-09
0.301653, 3.704800e-09
0.301790, 3.660000e-09
0.301928, 3.673200e-09
0.302065, 3.636600e-09
0.302202, 3.605700e-09
0.302339, 3.680200e-09
0.302476, 3.710300e-09
0.302613, 3.679900e-09
0.302750, 3.654100e-09
0.302887, 3.686400e-09
0.303024, 3.673800e-09
0.303161, 3.646500e-09
0.303298, 3.639000e-09
0.303435, 3.628800e-09
0.303572, 3.654000e-09
0.303709, 3.657100e-09
0.303846, 3.640700e-09
0.303983, 3.648500e-09
0.304120, 3.640200e-09
0.304257, 3.610700e-09
0.304394, 3.625600e-09
0.304531, 3.647700e-09
0.304668, 3.644200e-09
0.304805, 3.611000e-09
0.304942, 3.589400e-09
0.305079, 3.590900e-09
0.305216, 3.616500e-09
0.305353, 3.641500e-09
0.305490, 3.651500e-09
0.305627, 3.621800e-09
0.305764, 3.584400e-09
0.305901, 3.552700e-09
0.306038, 3.566800e-09
0.306175, 3.612200e-09
0.306312, 3.614900e-09
0.306449, 3.609300e-09
0.306725, 3.552600e-09
0.306999, 3.553400e-09
0.307274, 3.508500e-09
0.307548, 3.492100e-09
0.307823, 3.523200e-09
0.308098, 3.581800e-09
0.308372, 3.586400e-09
0.308647, 3.552600e-09
0.308921, 3.507000e-09
0.309196, 3.494500e-09
0.309471, 3.501100e-09
0.309745, 3.523500e-09
0.310020, 3.518100e-09
0.310294, 3.494500e-09
0.310569, 3.495700e-09
0.310844, 3.536100e-09
0.311118, 3.533700e-09
0.311393, 3.531500e-09
0.311668, 3.475300e-09
0.311942, 3.438900e-09
0.312217, 3.465100e-09
0.312491, 3.455100e-09
0.312766, 3.458000e-09
0.313041, 3.450600e-09
0.313315, 3.466000e-09
0.313590, 3.477900e-09
0.313865, 3.516000e-09
0.314139, 3.520000e-09
0.314414, 3.498300e-09
0.314689, 3.485100e-09
0.314963, 3.494500e-09
0.315238, 3.490900e-09
0.315512, 3.472400e-09
0.315787, 3.437800e-09
0.316062, 3.389500e-09
0.316336, 3.414200e-09
0.316611, 3.444000e-09
0.316886, 3.440500e-09
0.317160, 3.475400e-09
0.317435, 3.464900e-09
0.317710, 3.418700e-09
0.317984, 3.332400e-09
0.318259, 3.357000e-09
0.318534, 3.405600e-09
0.318808, 3.397500e-09
0.319083, 3.379100e-09
0.319358, 3.362800e-09
0.319632, 3.370800e-09
0.319907, 3.423700e-09
0.320182, 3.439000e-09
0.320456, 3.441100e-09
0.320731, 3.410500e-09
0.321006, 3.369300e-09
0.321281, 3.345100e-09
0.321555, 3.349200e-09
0.321830, 3.358100e-09
0.322105, 3.374500e-09
0.322379, 3.366700e-09
0.322654, 3.328200e-09
0.322929, 3.299200e-09
0.323203, 3.313600e-09
0.323478, 3.283400e-09
0.323753, 3.270500e-09
0.324028, 3.307100e-09
0.324302, 3.355900e-09
0.324577, 3.371500e-09
0.324852, 3.343800e-09
0.325126, 3.321400e-09
0.325401, 3.315800e-09
0.325676, 3.342000e-09
0.325951, 3.351700e-09
0.326225, 3.360900e-09
0.326500, 3.372600e-09
0.326775, 3.365200e-09
0.327049, 3.347300e-09
0.327324, 3.335500e-09
0.327599, 3.312500e-09
0.327874, 3.301100e-09
0.328148, 3.324300e-09
0.328423, 3.338200e-09
0.328698, 3.318000e-09
0.328973, 3.339700e-09
0.329247, 3.359600e-09
0.329522, 3.354700e-09
0.329797, 3.358300e-09
0.330072, 3.360500e-09
0.330346, 3.348600e-09
0.330621, 3.339200e-09
0.330896, 3.340800e-09
0.331171, 3.313700e-09
0.331445, 3.325900e-09
0.331720, 3.330700e-09
0.331995, 3.319500e-09
0.332270, 3.279800e-09
0.332544, 3.280600e-09
0.332819, 3.283200e-09
0.333094, 3.281800e-09
0.333369, 3.270600e-09
0.333643, 3.237400e-09
0.333918, 3.232100e-09
0.334193, 3.224800e-09
0.334468, 3.241600e-09
0.334743, 3.220500e-09
0.335017, 3.211100e-09
0.335292, 3.260900e-09
0.335567, 3.274200e-09
0.335842, 3.224600e-09
0.336116, 3.210000e-09
0.336391, 3.244700e-09
0.336666, 3.246400e-09
0.336941, 3.228200e-09
0.337216, 3.225300e-09
0.337490, 3.246600e-09
0.337765, 3.242300e-09
0.338040, 3.209100e-09
0.338315, 3.211700e-09
0.338590, 3.231400e-09
0.338864, 3.234800e-09
0.339139, 3.221200e-09
0.339414, 3.209100e-09
0.339689, 3.231400e-09
0.339964, 3.251900e-09
0.340238, 3.233800e-09
0.340513, 3.229900e-09
0.340788, 3.213400e-09
0.341063, 3.234000e-09
0.341338, 3.249000e-09
0.341612, 3.240100e-09
0.341887, 3.228400e-09
0.342162, 3.206300e-09
0.342437, 3.216400e-09
0.342712, 3.238000e-09
0.342986, 3.243800e-09
0.343261, 3.231800e-09
0.343536, 3.215100e-09
0.343811, 3.208600e-09
0.344086, 3.175600e-09
0.344361, 3.165100e-09
0.344635, 3.188200e-09
0.344910, 3.206300e-09
0.345185, 3.223500e-09
0.345460, 3.217800e-09
0.345735, 3.199500e-09
0.346010, 3.171500e-09
0.346284, 3.167100e-09
0.346559, 3.191800e-09
0.346834, 3.191700e-09
0.347109, 3.189800e-09
0.347384, 3.150900e-09
0.347659, 3.145800e-09
0.347933, 3.162600e-09
0.348208, 3.162500e-09
0.348483, 3.144000e-09
0.348758, 3.141200e-09
0.349033, 3.127900e-09
0.349308, 3.131600e-09
0.349582, 3.133000e-09
0.349857, 3.146100e-09
0.350132, 3.144000e-09
0.350407, 3.133400e-09
0.350682, 3.123800e-09
0.350957, 3.121200e-09
0.351232, 3.114000e-09
0.351506, 3.120500e-09
0.351781, 3.147200e-09
0.352056, 3.154500e-09
0.352331, 3.147600e-09
0.352606, 3.144600e-09
0.352881, 3.131800e-09
0.353156, 3.126600e-09
0.353430, 3.118400e-09
0.353705, 3.126800e-09
0.353980, 3.129800e-09
0.354255, 3.138000e-09
0.354530, 3.135300e-09
0.354805, 3.142200e-09
0.355080, 3.146200e-09
0.355355, 3.133700e-09
0.355629, 3.111600e-09
0.355904, 3.113100e-09
0.356179, 3.120000e-09
0.356454, 3.102100e-09
0.356729, 3.083600e-09
0.357004, 3.073700e-09
0.357279, 3.059400e-09
0.357554, 3.073300e-09
0.357828, 3.072900e-09
0.358103, 3.065200e-09
0.358378, 3.050000e-09
0.358653, 3.055200e-09
0.358928, 3.072600e-09
0.359203, 3.073600e-09
0.359478, 3.073800e-09
0.359753, 3.078200e-09
0.360028, 3.072600e-09
0.360302, 3.059700e-09
0.360577, 3.055100e-09
0.360852, 3.053500e-09
0.361127, 3.050500e-09
0.361402, 3.048000e-09
0.361677, 3.053000e-09
0.361952, 3.051900e-09
0.362227, 3.056100e-09
0.362502, 3.052100e-09
0.362777, 3.049400e-09
0.363051, 3.035200e-09
0.363326, 3.032800e-09
0.363601, 3.046000e-09
0.363876, 3.048200e-09
0.364151, 3.037800e-09
0.364426, 3.040300e-09
0.364701, 3.041500e-09
0.364976, 3.034500e-09
0.365251, 3.027700e-09
0.365526, 3.028400e-09
0.365800, 3.033400e-09
0.366075, 3.026700e-09
0.366350, 3.028300e-09
0.366625, 3.041200e-09
0.366900, 3.027600e-09
0.367175, 3.017600e-09
0.367450, 3.015400e-09
0.367725, 3.008800e-09
0.368000, 2.999300e-09
0.368275, 2.999500e-09
0.368550, 2.985500e-09
0.368825, 2.982800e-09
0.369099, 3.015000e-09
0.369374, 3.040400e-09
0.369649, 3.032300e-09
0.369924, 3.065300e-09
0.370199, 3.080000e-09
0.370474, 2.999700e-09
0.370749, 3.127500e-09
0.371024, 3.101300e-09
0.371299, 3.023500e-09
0.371574, 3.287900e-09
0.371849, 3.357900e-09
0.372124, 3.067100e-09
0.372399, 3.113400e-09
0.372673, 3.562800e-09
0.372948, 3.743600e-09
0.373223, 3.391100e-09
0.373498, 3.039800e-09
0.373773, 3.359900e-09
0.374048, 3.984800e-09
0.374323, 4.255500e-09
0.374598, 3.935200e-09
0.374873, 3.318800e-09
0.375148, 3.106500e-09
0.375423, 3.659700e-09
0.375698, 4.359700e-09
0.375973, 4.769201e-09
0.376248, 4.809100e-09
0.376523, 4.443900e-09
0.376797, 3.756200e-09
0.377072, 3.195500e-09
0.377347, 3.448300e-09
0.377622, 4.291900e-09
0.377897, 5.154700e-09
0.378172, 5.775900e-09
0.378447, 6.069700e-09
0.378722, 5.973700e-09
0.378997, 5.528900e-09
0.379272, 4.773000e-09
0.379547, 3.879600e-09
0.379822, 3.299300e-09
0.380097, 3.609500e-09
0.380372, 4.479000e-09
0.380647, 5.370400e-09
0.380922, 6.165600e-09
0.381196, 6.745500e-09
0.381471, 7.021500e-09
0.381746, 7.208400e-09
0.382021, 7.107900e-09
0.382296, 6.771200e-09
0.382571, 6.179500e-09
0.382846, 5.387800e-09
0.383121, 4.472900e-09
0.383396, 3.620200e-09
0.383671, 3.308900e-09
0.383946, 3.870800e-09
0.384221, 4.819200e-09
0.384496, 5.775300e-09
0.384771, 6.575600e-09
0.385046, 7.189300e-09
0.385321, 7.645501e-09
0.385596, 7.904900e-09
0.385871, 8.105100e-09
0.386146, 8.211700e-09
0.386421, 8.257500e-09
0.386696, 8.229401e-09
0.386970, 8.093100e-09
0.387245, 7.789400e-09
0.387520, 7.354800e-09
0.387795, 6.754800e-09
0.388070, 5.989000e-09
0.388345, 5.111000e-09
0.388620, 4.152800e-09
0.388895, 3.444200e-09
0.389170, 3.586800e-09
0.389445, 4.377200e-09
0.389720, 5.291900e-09
0.389995, 6.111501e-09
0.390270, 6.828600e-09
0.390545, 7.415000e-09
0.390820, 7.879500e-09
0.391095, 8.198801e-09
0.391370, 8.357600e-09
0.391645, 8.513801e-09
0.391920, 8.659000e-09
0.392195, 8.723001e-09
0.392470, 8.773100e-09
0.392745, 8.746800e-09
0.393020, 8.544900e-09
0.393294, 8.083100e-09
0.393569, 8.022900e-09
0.393844, 8.420500e-09
0.394119, 8.543800e-09
0.394394, 8.449600e-09
0.394669, 8.282500e-09
0.394944, 8.069000e-09
0.395219, 7.773900e-09
0.395494, 7.363200e-09
0.395769, 6.824600e-09
0.396044, 6.153300e-09
0.396319, 5.358500e-09
0.396594, 4.460700e-09
0.396869, 3.583700e-09
0.397144, 3.319400e-09
0.397419, 3.870600e-09
0.397694, 4.754600e-09
0.397969, 5.586000e-09
0.398244, 6.321500e-09
0.398519, 6.913500e-09
0.398794, 7.360601e-09
0.399069, 7.738900e-09
0.399344, 8.020400e-09
0.399619, 8.178201e-09
0.399894, 8.319401e-09
0.400169, 8.419800e-09
0.400443, 8.490100e-09
0.400718, 8.548500e-09
0.400993, 8.603500e-09
0.401268, 8.619600e-09
0.401543, 8.616201e-09
0.401818, 8.668200e-09
0.402093, 8.661600e-09
0.402368, 8.639601e-09
0.402643, 8.618000e-09
0.402918, 8.603399e-09
0.403193, 8.623700e-09
0.403468, 8.633700e-09
0.403743, 8.654700e-09
0.404018, 8.617900e-09
0.404293, 8.556300e-09
0.404568, 8.511301e-09
0.404843, 8.499000e-09
0.405118, 8.493500e-09
0.405393, 8.453200e-09
0.405668, 8.401000e-09
0.405943, 8.329601e-09
0.406218, 8.240000e-09
0.406493, 8.202900e-09
0.406768, 8.157001e-09
0.407043, 8.041000e-09
0.407318, 7.938300e-09
0.407593, 7.828201e-09
0.407867, 7.666400e-09
0.408142, 7.466700e-09
0.408417, 7.172600e-09
0.408692, 6.775900e-09
0.408967, 6.286100e-09
0.409242, 5.675600e-09
0.409517, 4.960500e-09
0.409792, 4.139200e-09
0.410067, 3.415700e-09
0.410342, 3.271500e-09
0.410617, 3.817800e-09
0.410892, 4.551300e-09
0.411167, 5.269700e-09
0.411442, 5.883200e-09
0.411717, 6.374900e-09
0.411992, 6.770500e-09
0.412267, 7.082800e-09
0.412542, 7.303200e-09
0.412817, 7.428600e-09
0.413092, 7.557299e-09
0.413367, 7.682900e-09
0.413642, 7.817900e-09
0.413917, 7.878000e-09
0.414191, 7.930800e-09
0.414466, 7.925501e-09
0.414741, 7.967000e-09
0.415016, 7.971400e-09
0.415291, 7.980800e-09
0.415566, 7.979700e-09
0.415841, 8.010100e-09
0.416116, 7.999600e-09
0.416391, 7.941600e-09
0.416666, 7.955200e-09
0.416941, 7.950600e-09
0.417216, 7.905700e-09
0.417491, 7.859500e-09
0.417766, 7.852101e-09
0.418041, 7.870900e-09
0.418316, 7.891499e-09
0.418591, 7.911600e-09
0.418866, 7.909600e-09
0.419141, 7.896900e-09
0.419416, 7.880501e-09
0.419691, 7.851000e-09
0.419965, 7.832699e-09
0.420240, 7.822100e-09
0.420515, 7.800000e-09
0.420790, 7.820100e-09
0.421065, 7.813800e-09
0.421340, 7.775300e-09
0.421615, 7.746200e-09
0.421890, 7.742399e-09
0.422165, 7.736500e-09
0.422440, 7.693101e-09
0.422715, 7.624801e-09
0.422990, 7.632800e-09
0.423265, 7.587100e-09
0.423540, 7.587800e-09
0.423815, 7.629701e-09
0.424090, 7.619201e-09
0.424365, 7.583700e-09
0.424640, 7.549901e-09
0.424914, 7.536600e-09
0.425189, 7.507300e-09
0.425464, 7.506100e-09
0.425739, 7.510100e-09
0.426014, 7.496799e-09
0.426289, 7.473900e-09
0.426564, 7.454300e-09
0.426839, 7.444100e-09
0.427114, 7.393201e-09
0.427389, 7.368700e-09
0.427664, 7.366601e-09
0.427939, 7.327300e-09
0.428214, 7.316600e-09
0.428489, 7.306800e-09
0.428764, 7.291900e-09
0.429038, 7.217801e-09
0.429313, 7.170800e-09
0.429588, 7.121900e-09
0.429863, 7.050601e-09
0.430138, 6.938500e-09
0.430413, 6.915600e-09
0.430688, 6.885500e-09
0.430963, 6.813700e-09
0.431238, 6.728700e-09
0.431513, 6.582300e-09
0.431788, 6.456200e-09
0.432063, 6.273500e-09
0.432338, 6.033300e-09
0.432612, 5.687000e-09
0.432887, 5.223400e-09
0.433162, 4.810900e-09
0.433437, 4.255800e-09
0.433712, 3.596700e-09
0.433987, 3.017600e-09
0.434262, 2.947200e-09
0.434537, 3.431200e-09
0.434812, 4.048900e-09
0.435087, 4.593000e-09
0.435362, 5.075901e-09
0.435637, 5.500900e-09
0.435911, 5.841900e-09
0.436186, 6.088500e-09
0.436461, 6.247000e-09
0.436736, 6.382900e-09
0.437011, 6.477800e-09
0.437286, 6.591600e-09
0.437561, 6.651700e-09
0.437836, 6.703900e-09
0.438111, 6.736100e-09
0.438386, 6.677000e-09
0.438661, 6.670400e-09
0.438935, 6.724400e-09
0.439210, 6.753400e-09
0.439485, 6.742800e-09
0.439760, 6.748801e-09
0.440035, 6.771600e-09
0.440310, 6.780600e-09
0.440585, 6.788200e-09
0.440860, 6.818300e-09
0.441135, 6.813900e-09
0.441409, 6.792500e-09
0.441684, 6.752200e-09
0.441959, 6.742000e-09
0.442234, 6.779100e-09
0.442509, 6.794500e-09
0.442784, 6.777600e-09
0.443059, 6.760400e-09
0.443334, 6.766400e-09
0.443609, 6.737600e-09
0.443884, 6.717800e-09
0.444158, 6.708000e-09
0.444433, 6.656300e-09
0.444708, 6.650000e-09
0.444983, 6.654000e-09
0.445258, 6.658800e-09
0.445533, 6.629700e-09
0.445808, 6.606700e-09
0.446083, 6.592300e-09
0.446357, 6.584500e-09
0.446632, 6.562900e-09
0.446907, 6.517900e-09
0.447182, 6.485500e-09
0.447457, 6.495400e-09
0.447732, 6.475400e-09
0.448007, 6.389700e-09
0.448282, 6.260200e-09
0.448556, 6.392900e-09
0.448831, 6.465200e-09
0.449106, 6.446300e-09
0.449381, 6.442900e-09
0.449656, 6.470900e-09
0.449931, 6.460300e-09
0.450206, 6.417800e-09
0.450480, 6.422100e-09
0.450755, 6.416900e-09
0.451030, 6.408300e-09
0.451305, 6.407500e-09
0.451580, 6.384500e-09
0.451855, 6.356400e-09
0.452130, 6.323200e-09
0.452404, 6.285000e-09
0.452679, 6.301100e-09
0.452954, 6.298600e-09
0.453229, 6.304900e-09
0.453504, 6.251100e-09
0.453779, 6.270200e-09
0.454053, 6.295400e-09
0.454328, 6.269700e-09
0.454603, 6.239300e-09
0.454878, 6.178200e-09
0.455153, 6.106700e-09
0.455428, 6.144000e-09
0.455703, 6.128000e-09
0.455977, 6.126100e-09
0.456252, 6.158300e-09
0.456527, 6.146200e-09
0.456802, 6.138100e-09
0.457077, 6.136200e-09
0.457352, 6.104500e-09
0.457626, 6.101300e-09
0.457901, 6.127600e-09
0.458176, 6.105200e-09
0.458451, 6.038400e-09
0.458726, 6.053900e-09
0.459000, 6.055600e-09
0.459275, 6.066400e-09
0.459550, 6.072900e-09
0.459825, 6.049600e-09
0.460100, 6.076000e-09
0.460375, 6.076500e-09
0.460649, 6.047800e-09
0.460924, 6.002300e-09
0.461199, 6.021600e-09
0.461474, 6.035100e-09
0.461749, 5.993100e-09
0.462023, 5.977400e-09
0.462298, 5.983900e-09
0.462573, 5.995400e-09
0.462848, 5.963600e-09
0.463123, 5.936400e-09
0.463397, 5.919200e-09
0.463672, 5.932600e-09
0.463947, 5.934200e-09
0.464222, 5.924000e-09
0.464497, 5.910000e-09
0.464771, 5.889100e-09
0.465046, 5.897200e-09
0.465321, 5.878800e-09
0.465596, 5.869401e-09
0.465870, 5.847600e-09
0.466145, 5.845000e-09
0.466420, 5.830300e-09
0.466695, 5.809900e-09
0.466970, 5.815900e-09
0.467244, 5.815901e-09
0.467519, 5.809800e-09
0.467794, 5.801100e-09
0.468069, 5.787700e-09
0.468343, 5.767300e-09
0.468618, 5.763600e-09
0.468893, 5.749700e-09
0.469168, 5.750400e-09
0.469443, 5.739400e-09
0.469717, 5.713000e-09
0.469992, 5.699800e-09
0.470267, 5.696400e-09
0.470542, 5.690300e-09
0.470816, 5.684500e-09
0.471091, 5.677200e-09
0.471366, 5.649400e-09
0.471641, 5.618300e-09
0.471915, 5.617900e-09
0.472190, 5.621600e-09
0.472465, 5.589300e-09
0.472740, 5.602300e-09
0.473014, 5.586501e-09
0.473289, 5.575901e-09
0.473564, 5.563300e-09
0.473839, 5.541600e-09
0.474113, 5.538800e-09
0.474388, 5.539100e-09
0.474663, 5.523200e-09
0.474937, 5.507300e-09
0.475212, 5.500200e-09
0.475487, 5.480500e-09
0.475762, 5.484300e-09
0.476036, 5.480700e-09
0.476311, 5.468000e-09
0.476586, 5.434100e-09
0.476861, 5.435500e-09
0.477135, 5.430000e-09
0.477410, 5.422000e-09
0.477685, 5.412500e-09
0.477959, 5.402000e-09
0.478234, 5.404200e-09
0.478509, 5.367001e-09
0.478784, 5.340200e-09
0.479058, 5.319700e-09
0.479333, 5.301900e-09
0.479608, 5.297601e-09
0.479882, 5.290500e-09
0.480157, 5.263300e-09
0.480432, 5.234800e-09
0.480706, 5.222600e-09
0.480981, 5.190600e-09
0.481256, 5.170400e-09
0.481531, 5.135500e-09
0.481805, 5.107300e-09
0.482080, 5.080199e-09
0.482355, 5.041400e-09
0.482629, 4.983600e-09
0.482904, 4.953900e-09
0.483179, 4.914400e-09
0.483453, 4.839900e-09
0.483728, 4.769700e-09
0.484003, 4.614900e-09
0.484277, 4.473600e-09
0.484552, 4.286100e-09
0.484827, 4.030300e-09
0.485101, 3.753500e-09
0.485376, 3.424400e-09
0.485651, 3.037700e-09
0.485925, 2.616000e-09
0.486200, 2.338100e-09
0.486475, 2.508400e-09
0.486749, 2.895800e-09
0.487024, 3.274500e-09
0.487299, 3.584100e-09
0.487573, 3.861100e-09
0.487848, 4.096300e-09
0.488122, 4.299300e-09
0.488397, 4.450800e-09
0.488672, 4.561900e-09
0.488946, 4.630300e-09
0.489221, 4.691000e-09
0.489496, 4.757000e-09
0.489770, 4.803100e-09
0.490045, 4.838500e-09
0.490319, 4.864500e-09
0.490594, 4.887900e-09
0.490869, 4.874300e-09
0.491143, 4.891300e-09
0.491418, 4.893400e-09
0.491693, 4.900100e-09
0.491967, 4.873200e-09
0.492242, 4.862101e-09
0.492516, 4.846000e-09
0.492791, 4.892500e-09
0.493066, 4.907600e-09
0.493340, 4.903200e-09
0.493615, 4.886100e-09
0.493889, 4.899400e-09
0.494164, 4.879900e-09
0.494439, 4.879800e-09
0.494713, 4.887800e-09
0.494988, 4.891200e-09
0.495262, 4.869200e-09
0.495537, 4.850800e-09
0.495812, 4.855600e-09
0.496086, 4.850200e-09
0.496361, 4.846400e-09
0.496635, 4.832600e-09
0.496910, 4.825800e-09
0.497184, 4.831700e-09
0.497459, 4.833900e-09
0.497734, 4.815400e-09
0.498008, 4.822300e-09
0.498283, 4.798101e-09
0.498557, 4.792300e-09
0.498832, 4.782200e-09
0.499106, 4.770800e-09
0.499381, 4.776800e-09
0.499655, 4.760100e-09
0.499930, 4.757600e-09
0.500205, 4.735200e-09
0.500479, 4.728600e-09
0.500754, 4.743000e-09
0.501028, 4.737400e-09
0.501303, 4.707000e-09
0.501577, 4.680600e-09
0.501852, 4.641700e-09
0.502126, 4.652800e-09
0.502401, 4.687200e-09
0.502675, 4.701700e-09
0.502950, 4.691800e-09
0.503224, 4.673500e-09
0.503499, 4.660301e-09
0.503773, 4.644500e-09
0.504048, 4.634500e-09
0.504322, 4.632900e-09
0.504597, 4.628200e-09
0.504871, 4.619600e-09
0.505146, 4.596800e-09
0.505420, 4.586100e-09
0.505695, 4.553200e-09
0.505969, 4.555400e-09
0.506244, 4.569700e-09
0.506518, 4.573200e-09
0.506793, 4.575000e-09
0.507067, 4.568900e-09
0.507342, 4.543100e-09
0.507616, 4.554700e-09
0.507891, 4.562500e-09
0.508165, 4.552500e-09
0.508440, 4.547800e-09
0.508714, 4.538700e-09
0.508989, 4.518900e-09
0.509263, 4.513600e-09
0.509538, 4.495100e-09
0.509812, 4.481000e-09
0.510087, 4.479200e-09
0.510361, 4.476401e-09
0.510635, 4.473700e-09
0.510910, 4.471400e-09
0.511184, 4.471400e-09
0.511459, 4.458800e-09
0.511733, 4.452800e-09
0.512008, 4.448000e-09
0.512282, 4.436100e-09
0.512557, 4.425500e-09
0.512831, 4.417600e-09
0.513105, 4.409500e-09
0.513380, 4.401600e-09
0.513654, 4.394500e-09
0.513929, 4.383200e-09
0.514203, 4.383400e-09
0.514478, 4.365900e-09
0.514752, 4.362401e-09
0.515026, 4.352100e-09
0.515301, 4.337900e-09
0.515575, 4.326000e-09
0.515850, 4.318000e-09
0.516124, 4.309500e-09
0.516398, 4.281200e-09
0.516673, 4.229700e-09
0.516947, 4.171200e-09
0.517222, 4.187400e-09
0.517496, 4.225100e-09
0.517770, 4.249000e-09
0.518045, 4.240400e-09
0.518319, 4.201900e-09
0.518593, 4.196100e-09
0.518868, 4.215400e-09
0.519142, 4.224500e-09
0.519417, 4.229100e-09
0.519691, 4.214400e-09
0.519965, 4.217200e-09
0.520240, 4.223200e-09
0.520514, 4.223000e-09
0.520788, 4.204300e-09
0.521063, 4.195200e-09
0.521337, 4.198501e-09
0.521611, 4.192100e-09
0.521886, 4.187300e-09
0.522160, 4.182900e-09
0.522434, 4.159500e-09
0.522709, 4.142600e-09
0.522983, 4.120600e-09
0.523257, 4.117000e-09
0.523532, 4.105800e-09
0.523806, 4.108600e-09
0.524080, 4.121700e-09
0.524355, 4.121300e-09
0.524629, 4.111500e-09
0.524903, 4.105100e-09
0.525178, 4.111400e-09
0.525452, 4.120300e-09
0.525726, 4.100500e-09
0.526001, 4.084900e-09
0.526275, 4.067500e-09
0.526549, 4.041800e-09
0.526823, 4.038100e-09
0.527098, 4.036100e-09
0.527372, 4.024100e-09
0.527646, 4.013000e-09
0.527921, 4.020200e-09
0.528195, 4.022000e-09
0.528469, 4.011300e-09
0.528743, 4.014000e-09
0.529018, 4.015700e-09
0.529292, 4.003300e-09
0.529566, 3.999300e-09
0.529840, 3.985900e-09
0.530457, 3.968448e-09
0.530989, 3.948593e-09
0.531521, 3.917984e-09
0.532054, 3.902266e-09
0.532588, 3.896475e-09
0.533122, 3.882411e-09
0.533656, 3.874139e-09
0.534191, 3.871657e-09
0.534727, 3.874966e-09
0.535263, 3.870830e-09
0.535799, 3.855938e-09
0.536336, 3.831947e-09
0.536874, 3.814574e-09
0.537412, 3.811265e-09
0.537951, 3.805474e-09
0.538490, 3.792238e-09
0.539030, 3.783965e-09
0.539571, 3.769074e-09
0.540112, 3.747565e-09
0.540653, 3.730192e-09
0.541195, 3.726056e-09
0.541737, 3.721092e-09
0.542281, 3.711165e-09
0.542824, 3.696274e-09
0.543369, 3.689656e-09
0.543913, 3.684692e-09
0.544459, 3.675592e-09
0.545004, 3.663182e-09
0.545551, 3.650773e-09
0.546098, 3.640019e-09
0.546645, 3.630919e-09
0.547193, 3.621819e-09
0.547742, 3.608582e-09
0.548291, 3.598655e-09
0.548840, 3.588728e-09
0.549391, 3.578800e-09
0.549941, 3.568873e-09
0.550493, 3.555637e-09
0.551044, 3.546537e-09
0.551597, 3.540746e-09
0.552150, 3.529164e-09
0.552703, 3.509309e-09
0.553258, 3.495245e-09
0.553812, 3.491109e-09
0.554367, 3.485318e-09
0.554923, 3.475391e-09
0.555479, 3.465464e-09
0.556036, 3.455536e-09
0.556594, 3.443954e-09
0.557152, 3.430718e-09
0.557710, 3.421618e-09
0.558269, 3.412518e-09
0.558829, 3.399281e-09
0.559389, 3.391836e-09
0.559950, 3.384390e-09
0.560512, 3.375290e-09
0.561073, 3.365363e-09
0.561636, 3.352127e-09
0.562199, 3.342199e-09
0.562762, 3.334754e-09
0.563327, 3.326481e-09
0.563891, 3.316554e-09
0.564457, 3.305799e-09
0.565023, 3.295045e-09
0.565589, 3.282635e-09
0.566156, 3.271054e-09
0.566724, 3.264435e-09
0.567292, 3.256990e-09
0.567860, 3.247889e-09
0.568430, 3.237135e-09
0.569000, 3.227207e-09
0.569570, 3.218108e-09
0.570141, 3.209008e-09
0.570713, 3.199080e-09
0.571285, 3.189153e-09
0.571857, 3.180880e-09
0.572431, 3.171780e-09
0.573004, 3.162680e-09
0.573579, 3.153580e-09
0.574154, 3.143653e-09
0.574730, 3.132898e-09
0.575306, 3.122143e-09
0.575882, 3.113871e-09
0.576460, 3.104771e-09
0.577038, 3.095671e-09
0.577616, 3.085743e-09
0.578195, 3.075816e-09
0.578775, 3.066716e-09
0.579355, 3.058443e-09
0.579936, 3.049343e-09
0.580517, 3.040243e-09
0.581099, 3.031143e-09
0.581682, 3.022043e-09
0.582265, 3.012943e-09
0.582849, 3.003843e-09
0.583433, 2.994743e-09
0.584018, 2.986470e-09
0.584603, 2.978197e-09
0.585189, 2.968270e-09
0.585776, 2.958343e-09
0.586363, 2.949243e-09
0.586951, 2.940143e-09
0.587540, 2.929388e-09
0.588129, 2.918633e-09
0.588718, 2.901261e-09
0.589308, 2.882233e-09
0.589899, 2.879751e-09
0.590490, 2.883888e-09
0.591083, 2.878924e-09
0.591675, 2.870651e-09
0.592268, 2.863206e-09
0.592862, 2.854106e-09
0.593456, 2.845006e-09
0.594051, 2.837560e-09
0.594647, 2.828460e-09
0.595243, 2.817706e-09
0.595840, 2.806951e-09
0.596437, 2.800333e-09
0.597035, 2.793714e-09
0.597633, 2.782960e-09
0.598233, 2.773032e-09
0.598832, 2.766415e-09
0.599433, 2.758969e-09
0.600034, 2.751523e-09
0.600635, 2.743251e-09
0.601237, 2.732496e-09
0.601840, 2.724223e-09
0.602443, 2.717605e-09
0.603047, 2.710160e-09
0.603652, 2.703541e-09
0.604257, 2.694441e-09
0.604863, 2.685341e-09
0.605469, 2.677896e-09
0.606076, 2.670450e-09
0.606684, 2.662177e-09
0.607292, 2.654732e-09
0.607901, 2.646459e-09
0.608510, 2.637359e-09
0.609120, 2.629914e-09
0.609731, 2.622468e-09
0.610342, 2.614195e-09
0.610954, 2.605923e-09
0.611566, 2.598477e-09
0.612179, 2.589377e-09
0.612793, 2.581104e-09
0.613408, 2.572832e-09
0.614022, 2.563732e-09
0.614638, 2.551322e-09
0.615254, 2.536431e-09
0.615871, 2.524022e-09
0.616488, 2.524849e-09
0.617106, 2.525677e-09
0.617725, 2.519058e-09
0.618344, 2.512440e-09
0.618964, 2.505822e-09
0.619585, 2.498377e-09
0.620206, 2.490104e-09
0.620828, 2.483486e-09
0.621450, 2.476040e-09
0.622073, 2.467767e-09
0.622697, 2.459494e-09
0.623321, 2.448740e-09
0.623946, 2.437158e-09
0.624571, 2.426404e-09
0.625197, 2.422267e-09
0.625824, 2.420613e-09
0.626452, 2.415649e-09
0.627080, 2.408203e-09
0.627708, 2.401585e-09
0.628338, 2.394140e-09
0.628967, 2.386694e-09
0.629598, 2.378422e-09
0.630229, 2.370976e-09
0.630861, 2.363531e-09
0.631494, 2.355258e-09
0.632127, 2.346985e-09
0.632760, 2.342021e-09
0.633395, 2.333749e-09
0.634029, 2.322167e-09
0.634665, 2.304794e-09
0.635301, 2.301485e-09
0.635938, 2.303967e-09
0.636576, 2.294867e-09
0.637214, 2.280803e-09
0.637853, 2.277494e-09
0.638492, 2.275839e-09
0.639132, 2.270048e-09
0.639773, 2.262603e-09
0.640414, 2.255157e-09
0.641056, 2.246885e-09
0.641699, 2.238612e-09
0.642342, 2.231994e-09
0.642986, 2.226202e-09
0.643631, 2.217930e-09
0.644276, 2.210484e-09
0.644922, 2.201384e-09
0.645569, 2.187321e-09
0.646216, 2.181530e-09
0.646864, 2.179875e-09
0.647512, 2.173257e-09
0.648161, 2.164157e-09
0.648811, 2.153402e-09
0.649462, 2.141820e-09
0.650113, 2.131066e-09
0.650764, 2.119484e-09
0.651417, 2.102111e-09
0.652070, 2.079774e-09
0.652723, 2.051647e-09
0.653378, 2.008629e-09
0.654033, 1.938310e-09
0.654688, 1.822491e-09
0.655345, 1.631390e-09
0.656002, 1.384862e-09
0.656659, 1.317852e-09
0.657318, 1.522190e-09
0.657977, 1.736455e-09
0.658636, 1.864682e-09
0.659297, 1.935828e-09
0.659958, 1.974710e-09
0.660619, 1.995392e-09
0.661281, 2.006147e-09
0.661944, 2.011110e-09
0.662608, 2.011938e-09
0.663272, 2.011111e-09
0.663937, 2.008629e-09
0.664603, 2.005320e-09
0.665269, 2.001183e-09
0.665936, 1.996220e-09
0.666604, 1.991256e-09
0.667272, 1.986292e-09
0.667941, 1.980501e-09
0.668610, 1.975538e-09
0.669281, 1.970574e-09
0.669952, 1.965610e-09
0.670623, 1.959819e-09
0.671295, 1.954028e-09
0.671968, 1.947410e-09
0.672642, 1.939965e-09
0.673316, 1.935828e-09
0.673992, 1.930865e-09
0.674667, 1.925074e-09
0.675344, 1.918455e-09
0.676021, 1.913492e-09
0.676698, 1.907701e-09
0.677377, 1.901910e-09
0.678056, 1.896119e-09
0.678735, 1.890328e-09
0.679416, 1.884537e-09
0.680097, 1.879573e-09
0.680779, 1.873782e-09
0.681461, 1.867992e-09
0.682144, 1.861373e-09
0.682828, 1.855582e-09
0.683513, 1.849791e-09
0.684198, 1.844828e-09
0.684884, 1.839037e-09
0.685571, 1.833246e-09
0.686258, 1.827455e-09
0.686946, 1.822491e-09
0.687635, 1.816700e-09
0.688324, 1.810909e-09
0.689014, 1.805946e-09
0.689705, 1.800155e-09
0.690396, 1.794364e-09
0.691088, 1.788573e-09
0.691781, 1.783609e-09
0.692475, 1.777818e-09
0.693169, 1.772855e-09
0.693864, 1.767064e-09
0.694559, 1.762100e-09
0.695256, 1.756309e-09
0.695952, 1.750518e-09
0.696650, 1.745555e-09
0.697349, 1.739764e-09
0.698048, 1.734800e-09
0.698748, 1.729836e-09
0.699448, 1.723218e-09
0.700149, 1.716600e-09
0.700851, 1.711636e-09
0.701554, 1.707500e-09
0.702257, 1.701709e-09
0.702961, 1.696745e-09
0.703666, 1.691781e-09
0.704371, 1.686818e-09
0.705077, 1.681854e-09
0.705784, 1.676891e-09
0.706492, 1.671100e-09
0.707200, 1.666136e-09
0.707909, 1.661172e-09
0.708619, 1.656209e-09
0.709329, 1.651245e-09
0.710040, 1.645454e-09
0.710752, 1.636354e-09
0.711464, 1.626427e-09
0.712178, 1.623945e-09
0.712892, 1.623118e-09
0.713606, 1.619808e-09
0.714322, 1.614845e-09
0.715038, 1.609881e-09
0.715755, 1.604090e-09
0.716472, 1.599127e-09
0.717190, 1.594990e-09
0.717909, 1.590026e-09
0.718629, 1.585063e-09
0.719350, 1.580099e-09
0.720071, 1.575135e-09
0.720793, 1.570172e-09
0.721515, 1.565208e-09
0.722238, 1.560244e-09
0.722962, 1.555281e-09
0.723687, 1.551145e-09
0.724413, 1.546181e-09
0.725139, 1.541217e-09
0.725866, 1.536253e-09
0.726594, 1.532117e-09
0.727322, 1.527153e-09
0.728051, 1.522190e-09
0.728781, 1.517226e-09
0.729512, 1.512262e-09
0.730243, 1.508126e-09
0.730975, 1.502335e-09
0.731708, 1.498199e-09
0.732441, 1.494062e-09
0.733176, 1.489926e-09
0.733911, 1.485790e-09
0.734646, 1.480826e-09
0.735383, 1.475862e-09
0.736120, 1.471726e-09
0.736858, 1.466762e-09
0.737597, 1.462626e-09
0.738336, 1.457662e-09
0.739076, 1.452699e-09
0.739817, 1.448562e-09
0.740559, 1.443598e-09
0.741301, 1.438635e-09
0.742045, 1.432844e-09
0.742788, 1.427880e-09
0.743533, 1.423744e-09
0.744279, 1.419607e-09
0.745025, 1.415471e-09
0.745772, 1.411335e-09
0.746519, 1.405544e-09
0.747268, 1.399753e-09
0.748017, 1.395616e-09
0.748767, 1.392307e-09
0.749517, 1.389825e-09
0.750269, 1.385689e-09
0.751021, 1.380725e-09
0.751774, 1.375762e-09
0.752527, 1.372453e-09
0.753282, 1.369143e-09
0.754037, 1.365007e-09
0.754793, 1.360871e-09
0.755550, 1.356734e-09
0.756307, 1.352598e-09
0.757065, 1.347634e-09
0.757824, 1.343498e-09
0.758584, 1.339362e-09
0.759344, 1.335225e-09
0.760106, 1.331916e-09
0.760868, 1.326952e-09
0.761630, 1.322816e-09
0.762394, 1.318680e-09
0.763158, 1.314543e-09
0.763923, 1.310407e-09
0.764689, 1.306270e-09
0.765456, 1.301307e-09
0.766223, 1.297170e-09
0.766991, 1.293034e-09
0.767760, 1.289725e-09
0.768530, 1.285589e-09
0.769300, 1.281452e-09
0.770071, 1.277316e-09
0.770844, 1.273179e-09
0.771616, 1.268216e-09
0.772390, 1.265734e-09
0.773164, 1.261598e-09
0.773939, 1.258288e-09
0.774715, 1.254152e-09
0.775492, 1.250016e-09
0.776269, 1.243397e-09
0.777047, 1.226852e-09
0.777826, 1.218579e-09
0.778606, 1.227679e-09
0.779387, 1.230161e-09
0.780168, 1.226852e-09
0.780950, 1.222715e-09
0.781733, 1.219406e-09
0.782517, 1.215270e-09
0.783301, 1.210306e-09
0.784087, 1.206170e-09
0.784873, 1.202033e-09
0.785659, 1.198724e-09
0.786447, 1.194588e-09
0.787235, 1.190452e-09
0.788025, 1.185488e-09
0.788815, 1.181352e-09
0.789605, 1.175561e-09
0.790397, 1.172251e-09
0.791189, 1.172251e-09
0.791982, 1.169770e-09
0.792776, 1.166461e-09
0.793571, 1.161497e-09
0.794367, 1.156533e-09
0.795163, 1.152397e-09
0.795960, 1.150742e-09
0.796758, 1.148261e-09
0.797557, 1.143297e-09
0.798356, 1.136679e-09
0.799157, 1.130888e-09
0.799958, 1.129233e-09
0.800760, 1.129233e-09
0.801563, 1.125924e-09
0.802366, 1.122615e-09
0.803171, 1.119306e-09
0.803976, 1.115997e-09
0.804782, 1.111860e-09
0.805589, 1.108551e-09
0.806396, 1.105242e-09
0.807205, 1.101933e-09
0.808014, 1.097797e-09
0.808824, 1.094487e-09
0.809635, 1.091178e-09
0.810446, 1.087869e-09
0.811259, 1.084560e-09
0.812072, 1.081251e-09
0.812886, 1.077942e-09
0.813701, 1.074633e-09
0.814517, 1.071324e-09
0.815333, 1.068015e-09
0.816151, 1.063878e-09
0.816969, 1.060569e-09
0.817788, 1.056433e-09
0.818608, 1.051469e-09
0.819429, 1.047333e-09
0.820250, 1.044024e-09
0.821072, 1.040715e-09
0.821895, 1.036578e-09
0.822720, 1.034096e-09
0.823544, 1.031614e-09
0.824370, 1.029133e-09
0.825196, 1.025823e-09
0.826024, 1.024996e-09
0.826852, 1.023342e-09
0.827681, 1.020860e-09
0.828510, 1.017551e-09
0.829341, 1.014242e-09
0.830172, 1.011760e-09
0.831005, 1.009278e-09
0.831838, 1.005969e-09
0.832672, 1.001833e-09
0.833506, 9.960416e-10
0.834342, 9.943870e-10
0.835178, 9.935597e-10
0.836016, 9.902505e-10
0.836854, 9.869416e-10
0.837693, 9.836324e-10
0.838532, 9.794961e-10
0.839373, 9.761869e-10
0.840215, 9.728778e-10
0.841057, 9.679141e-10
0.841900, 9.646051e-10
0.842744, 9.612959e-10
0.843589, 9.521958e-10
0.844435, 9.430959e-10
0.845281, 9.439230e-10
0.846129, 9.397867e-10
0.846977, 9.298594e-10
0.847826, 9.381321e-10
0.848676, 9.422684e-10
0.849527, 9.191048e-10
0.850378, 8.959410e-10
0.851231, 9.116593e-10
0.852084, 9.356503e-10
0.852938, 9.323412e-10
0.853793, 8.909774e-10
0.854649, 8.512681e-10
0.855506, 8.769137e-10
0.856364, 9.224138e-10
0.857222, 9.406140e-10
0.858082, 9.273776e-10
0.858942, 8.752591e-10
0.859803, 8.137925e-10
0.860665, 8.281043e-10
0.861528, 8.942865e-10
0.862391, 9.356503e-10
0.863256, 9.472323e-10
0.864121, 9.381321e-10
0.864988, 8.959410e-10
0.865855, 8.114761e-10
0.866723, 7.534012e-10
0.867592, 8.032033e-10
0.868461, 8.843591e-10
0.869332, 9.331686e-10
0.870204, 9.546777e-10
0.871076, 9.596414e-10
0.871949, 9.497140e-10
0.872823, 9.191047e-10
0.873698, 8.537499e-10
0.874574, 7.581994e-10
0.875451, 7.188210e-10
0.876329, 7.880642e-10
0.877207, 8.736045e-10
0.878087, 9.257230e-10
0.878967, 9.521959e-10
0.879848, 9.629506e-10
0.880730, 9.637778e-10
0.881613, 9.596413e-10
0.882497, 9.455776e-10
0.883382, 9.182776e-10
0.884267, 8.702955e-10
0.885154, 7.918696e-10
0.886041, 7.025237e-10
0.886929, 6.957400e-10
0.887818, 7.786332e-10
0.888708, 8.554045e-10
0.889599, 9.009047e-10
0.890491, 9.240684e-10
0.891384, 9.339958e-10
0.892278, 9.381321e-10
0.893172, 9.397867e-10
0.894067, 9.406141e-10
0.894964, 9.381322e-10
0.895861, 9.306867e-10
0.896759, 9.199321e-10
0.897658, 9.025592e-10
0.898558, 8.744318e-10
0.899459, 8.272771e-10
0.900360, 7.507540e-10
0.901263, 6.647999e-10
0.902167, 6.597534e-10
0.903071, 7.393375e-10
0.903976, 8.117243e-10
0.904883, 8.520953e-10
0.905790, 8.694682e-10
0.906698, 8.777409e-10
0.907607, 8.860138e-10
0.908517, 8.860138e-10
0.909427, 8.835319e-10
0.910339, 8.860137e-10
0.911252, 8.868410e-10
0.912165, 8.860137e-10
0.913080, 8.860137e-10
0.913995, 8.835319e-10
0.914911, 8.793956e-10
0.915828, 8.736046e-10
0.916747, 8.669863e-10
0.917666, 8.562318e-10
0.918586, 8.421680e-10
0.919506, 8.224788e-10
0.920428, 7.879814e-10
0.921351, 7.289138e-10
0.922275, 6.468479e-10
0.923199, 6.019268e-10
0.924125, 6.511497e-10
0.925051, 7.248602e-10
0.925979, 7.674650e-10
0.926907, 7.926969e-10
0.927836, 8.147852e-10
0.928766, 8.252916e-10
0.929697, 8.281043e-10
0.930629, 8.289316e-10
0.931562, 8.289315e-10
0.932496, 8.272770e-10
0.933431, 8.260362e-10
0.934367, 8.241334e-10
0.935304, 8.219824e-10
0.936241, 8.196661e-10
0.937180, 8.169361e-10
0.938119, 8.132133e-10
0.939060, 8.083324e-10
0.940001, 8.026242e-10
0.940944, 7.969987e-10
0.941887, 7.970814e-10
0.942831, 7.976605e-10
0.943776, 7.952614e-10
0.944722, 7.921178e-10
0.945670, 7.884777e-10
0.946618, 7.840105e-10
0.947567, 7.788813e-10
0.948516, 7.722631e-10
0.949467, 7.633285e-10
0.950419, 7.501749e-10
0.951372, 7.295757e-10
0.952326, 6.954091e-10
0.953280, 6.383270e-10
0.954236, 5.672638e-10
0.955193, 5.517111e-10
0.956150, 6.111095e-10
0.957109, 6.708389e-10
0.958068, 7.055846e-10
0.959029, 7.236192e-10
0.959990, 7.316439e-10
0.960953, 7.351183e-10
0.961916, 7.356147e-10
0.962880, 7.351183e-10
0.963846, 7.361938e-10
0.964812, 7.356975e-10
0.965779, 7.318920e-10
0.966747, 7.310647e-10
0.967716, 7.313129e-10
0.968687, 7.295756e-10
0.969658, 7.275901e-10
0.970630, 7.258529e-10
0.971603, 7.237020e-10
0.972577, 7.212202e-10
0.973552, 7.185729e-10
0.974528, 7.161737e-10
0.975505, 7.140228e-10
0.976483, 7.117892e-10
0.977462, 7.093901e-10
0.978442, 7.069082e-10
0.979422, 7.044264e-10
0.980404, 7.019446e-10
0.981387, 6.993800e-10
0.982371, 6.966500e-10
0.983356, 6.942509e-10
0.984342, 6.917690e-10
0.985328, 6.884599e-10
0.986316, 6.857299e-10
0.987305, 6.841581e-10
0.988295, 6.810972e-10
0.989286, 6.771263e-10
0.990277, 6.757199e-10
0.991270, 6.740653e-10
0.992264, 6.711698e-10
0.993259, 6.679435e-10
0.994254, 6.652135e-10
0.995251, 6.627316e-10
0.996249, 6.594225e-10
0.997248, 6.554516e-10
0.998247, 6.503224e-10
0.999248, 6.434561e-10
1.000250, 6.339424e-10
1.001253, 6.202097e-10
1.002256, 5.973767e-10
1.003261, 5.582466e-10
1.004267, 5.011645e-10
1.005274, 4.691488e-10
1.006281, 5.047217e-10
1.007290, 5.565920e-10
1.008300, 5.881112e-10
1.009311, 6.039123e-10
1.010323, 6.122677e-10
1.011335, 6.155768e-10
1.012349, 6.166523e-10
1.013364, 6.183069e-10
1.014380, 6.192996e-10
1.015397, 6.188032e-10
1.016415, 6.175623e-10
1.017434, 6.160732e-10
1.018454, 6.144186e-10
1.019475, 6.126813e-10
1.020497, 6.110268e-10
1.021520, 6.092068e-10
1.022544, 6.072214e-10
1.023569, 6.053187e-10
1.024595, 6.033332e-10
1.025622, 6.013477e-10
1.026651, 5.993623e-10
1.027680, 5.972113e-10
1.028710, 5.952258e-10
1.029741, 5.932403e-10
1.030774, 5.912549e-10
1.031807, 5.890212e-10
1.032842, 5.866222e-10
1.033877, 5.847194e-10
1.034913, 5.831476e-10
1.035951, 5.810794e-10
1.036989, 5.788458e-10
1.038029, 5.769430e-10
1.039070, 5.751230e-10
1.040111, 5.731376e-10
1.041154, 5.711521e-10
1.042198, 5.693320e-10
1.043243, 5.671812e-10
1.044288, 5.646993e-10
1.045335, 5.613902e-10
1.046383, 5.589911e-10
1.047432, 5.584120e-10
1.048482, 5.572538e-10
1.049533, 5.551856e-10
1.050586, 5.527865e-10
1.051639, 5.508011e-10
1.052693, 5.490638e-10
1.053748, 5.471610e-10
1.054805, 5.451756e-10
1.055862, 5.436865e-10
1.056921, 5.419492e-10
1.057980, 5.397156e-10
1.059041, 5.374819e-10
1.060103, 5.359101e-10
1.061165, 5.344209e-10
1.062229, 5.326837e-10
1.063294, 5.306155e-10
1.064360, 5.289610e-10
1.065427, 5.270582e-10
1.066495, 5.244936e-10
1.067564, 5.196954e-10
1.068635, 5.125809e-10
1.069706, 5.118363e-10
1.070778, 5.138218e-10
1.071852, 5.135735e-10
1.072926, 5.115054e-10
1.074002, 5.102645e-10
1.075079, 5.089409e-10
1.076156, 5.075345e-10
1.077235, 5.064590e-10
1.078315, 5.045563e-10
1.079396, 5.024053e-10
1.080478, 5.001717e-10
1.081561, 4.975244e-10
1.082646, 4.948771e-10
1.083731, 4.928089e-10
1.084817, 4.905754e-10
1.085905, 4.870180e-10
1.086994, 4.822197e-10
1.088083, 4.771734e-10
1.089174, 4.698934e-10
1.090266, 4.577324e-10
1.091359, 4.371332e-10
1.092453, 4.046212e-10
1.093548, 3.676419e-10
1.094645, 3.658219e-10
1.095742, 4.003194e-10
1.096840, 4.303495e-10
1.097940, 4.468951e-10
1.099041, 4.557469e-10
1.100142, 4.602970e-10
1.101245, 4.621170e-10
1.102349, 4.626133e-10
1.103454, 4.628615e-10
1.104561, 4.623651e-10
1.105668, 4.615379e-10
1.106776, 4.604624e-10
1.107886, 4.592215e-10
1.108997, 4.578978e-10
1.110108, 4.564915e-10
1.111221, 4.550851e-10
1.112335, 4.534306e-10
1.113450, 4.519414e-10
1.114567, 4.505351e-10
1.115684, 4.491287e-10
1.116802, 4.477224e-10
1.117922, 4.460678e-10
1.119043, 4.444132e-10
1.120165, 4.430069e-10
1.121288, 4.416005e-10
1.122412, 4.401114e-10
1.123537, 4.386223e-10
1.124663, 4.368850e-10
1.125791, 4.351477e-10
1.126919, 4.334105e-10
1.128049, 4.292741e-10
1.129180, 4.241450e-10
1.130312, 4.237313e-10
1.131445, 4.246413e-10
1.132579, 4.238968e-10
1.133715, 4.228213e-10
1.134851, 4.227386e-10
1.135989, 4.217458e-10
1.137128, 4.200913e-10
1.138268, 4.186022e-10
1.139409, 4.171958e-10
1.140551, 4.157067e-10
1.141695, 4.145485e-10
1.142839, 4.130594e-10
1.143985, 4.111567e-10
1.145132, 4.095849e-10
1.146280, 4.088403e-10
1.147429, 4.077649e-10
1.148579, 4.063585e-10
1.149731, 4.049521e-10
1.150883, 4.034630e-10
1.152037, 4.020566e-10
1.153192, 4.007330e-10
1.154348, 3.993266e-10
1.155505, 3.978375e-10
1.156664, 3.964312e-10
1.157823, 3.950248e-10
1.158984, 3.935357e-10
1.160146, 3.917156e-10
1.161309, 3.897302e-10
1.162473, 3.878275e-10
1.163638, 3.868347e-10
1.164805, 3.850148e-10
1.165973, 3.819538e-10
1.167142, 3.807956e-10
1.168312, 3.814575e-10
1.169483, 3.812920e-10
1.170655, 3.801338e-10
1.171829, 3.788102e-10
1.173004, 3.771556e-10
1.174180, 3.740119e-10
1.175357, 3.697101e-10
1.176535, 3.699583e-10
1.177714, 3.709510e-10
1.178895, 3.701238e-10
1.180077, 3.688829e-10
1.181260, 3.676419e-10
1.182444, 3.660701e-10
1.183630, 3.640019e-10
1.184816, 3.628437e-10
1.186004, 3.622646e-10
1.187193, 3.611064e-10
1.188383, 3.592037e-10
1.189574, 3.571355e-10
1.190767, 3.568873e-10
1.191961, 3.567219e-10
1.193156, 3.555637e-10
1.194352, 3.538264e-10
1.195549, 3.522546e-10
1.196748, 3.514273e-10
1.197947, 3.499382e-10
1.199148, 3.484491e-10

